num_vtx : edge_density : num_edges | num_groups_hash_level_0 num_groups_hash_level_1 ... | time_spent
10 : 0.05 : 6 | 3, 5, 5, 5, 5, 4, 4, 4, 4, 4 | 0 ms
10 : 0.05 : 2 | 3, 3, 3, 3, 3, 3, 3, 3, 3, 3 | 0 ms
10 : 0.05 : 3 | 2, 2, 2, 2, 2, 1, 1, 1, 1, 1 | 0 ms
10 : 0.05 : 2 | 2, 2, 2, 2, 2, 1, 1, 1, 1, 1 | 0 ms
10 : 0.05 : 4 | 4, 5, 5, 5, 5, 5, 5, 5, 5, 5 | 0 ms
10 : 0.05 : 1 | 2, 2, 2, 2, 2, 1, 1, 1, 1, 1 | 0 ms
10 : 0.1 : 4 | 3, 3, 3, 3, 3, 3, 3, 3, 3, 3 | 0 ms
10 : 0.1 : 5 | 4, 6, 6, 6, 6, 5, 5, 5, 5, 5 | 0 ms
10 : 0.1 : 3 | 3, 4, 4, 4, 4, 3, 3, 3, 3, 3 | 0 ms
10 : 0.1 : 4 | 3, 4, 4, 4, 4, 3, 3, 3, 3, 3 | 0 ms
10 : 0.1 : 4 | 3, 4, 4, 4, 4, 3, 3, 3, 3, 3 | 0 ms
10 : 0.1 : 5 | 3, 4, 4, 4, 4, 3, 3, 3, 3, 3 | 0 ms
10 : 0.1 : 6 | 4, 7, 7, 7, 7, 7, 7, 7, 7, 7 | 0 ms
10 : 0.1 : 5 | 4, 6, 6, 6, 6, 5, 5, 5, 5, 5 | 0 ms
10 : 0.2 : 11 | 4, 8, 9, 9, 9, 9, 9, 9, 9, 9 | 0 ms
10 : 0.2 : 11 | 6, 9, 9, 9, 9, 8, 8, 8, 8, 8 | 0 ms
10 : 0.2 : 6 | 3, 5, 5, 5, 5, 4, 4, 4, 4, 4 | 0 ms
10 : 0.2 : 7 | 4, 7, 8, 8, 8, 7, 7, 7, 7, 7 | 0 ms
10 : 0.2 : 8 | 5, 8, 8, 8, 8, 8, 8, 8, 8, 8 | 0 ms
10 : 0.2 : 4 | 3, 3, 3, 3, 3, 3, 3, 3, 3, 3 | 0 ms
10 : 0.2 : 7 | 5, 5, 5, 5, 5, 5, 5, 5, 5, 5 | 0 ms
10 : 0.2 : 10 | 5, 9, 10 | 0 ms
10 : 0.3 : 21 | 6, 9, 10 | 0 ms
10 : 0.3 : 14 | 5, 9, 9, 9, 9, 9, 9, 9, 9, 9 | 0 ms
10 : 0.3 : 15 | 5, 8, 10 | 0 ms
10 : 0.3 : 12 | 4, 9, 9, 9, 9, 9, 9, 9, 9, 9 | 0 ms
10 : 0.3 : 11 | 2, 4, 6, 6, 6, 6, 6, 6, 6, 6 | 0 ms
10 : 0.3 : 11 | 4, 5, 5, 5, 5, 5, 5, 5, 5, 5 | 0 ms
10 : 0.3 : 12 | 4, 9, 10 | 0 ms
10 : 0.3 : 15 | 5, 10 | 0 ms
10 : 0.4 : 12 | 5, 9, 10 | 0 ms
10 : 0.4 : 14 | 4, 9, 10 | 0 ms
10 : 0.4 : 23 | 4, 5, 6, 7, 9, 10 | 0 ms
10 : 0.4 : 12 | 4, 9, 10 | 0 ms
10 : 0.4 : 19 | 6, 9, 10 | 0 ms
10 : 0.4 : 18 | 5, 9, 10 | 0 ms
10 : 0.4 : 21 | 4, 10 | 0 ms
10 : 0.4 : 17 | 4, 9, 10 | 0 ms
10 : 0.5 : 24 | 5, 10 | 0 ms
10 : 0.5 : 21 | 7, 10 | 0 ms
10 : 0.5 : 19 | 4, 7, 7, 7, 7, 7, 7, 7, 7, 7 | 0 ms
10 : 0.5 : 21 | 6, 10 | 0 ms
10 : 0.5 : 22 | 4, 7, 9, 10 | 0 ms
10 : 0.5 : 25 | 5, 9, 9, 9, 9, 9, 9, 9, 9, 9 | 0 ms
10 : 0.5 : 23 | 4, 10 | 0 ms
10 : 0.5 : 24 | 4, 9, 10 | 0 ms
10 : 0.6 : 32 | 4, 7, 10 | 0 ms
10 : 0.6 : 28 | 3, 6, 10 | 0 ms
10 : 0.6 : 30 | 4, 10 | 0 ms
10 : 0.6 : 32 | 4, 9, 10 | 0 ms
10 : 0.6 : 22 | 5, 10 | 0 ms
10 : 0.6 : 22 | 6, 9, 9, 9, 9, 9, 9, 9, 9, 9 | 0 ms
10 : 0.6 : 34 | 5, 10 | 0 ms
10 : 0.6 : 28 | 4, 8, 9, 10 | 0 ms
10 : 0.7 : 32 | 6, 9, 10 | 0 ms
10 : 0.7 : 33 | 5, 9, 9, 9, 9, 9, 9, 9, 9, 9 | 0 ms
10 : 0.7 : 33 | 4, 7, 9, 9, 9, 9, 9, 9, 9, 9 | 0 ms
10 : 0.7 : 31 | 5, 8, 10 | 0 ms
10 : 0.7 : 34 | 6, 9, 9, 9, 9, 9, 9, 9, 9, 9 | 0 ms
10 : 0.7 : 32 | 5, 7, 9, 10 | 0 ms
10 : 0.7 : 35 | 5, 8, 10 | 0 ms
10 : 0.7 : 35 | 5, 8, 9, 9, 9, 9, 9, 9, 9, 9 | 0 ms
10 : 0.8 : 37 | 3, 4, 5, 6, 6, 6, 6, 6, 6, 6 | 0 ms
10 : 0.8 : 35 | 6, 9, 9, 9, 9, 9, 9, 9, 9, 9 | 0 ms
10 : 0.8 : 38 | 3, 5, 6, 6, 6, 6, 6, 6, 6, 6 | 0 ms
10 : 0.8 : 35 | 4, 8, 9, 9, 9, 9, 9, 9, 9, 9 | 0 ms
10 : 0.8 : 36 | 4, 7, 8, 8, 8, 8, 8, 8, 8, 8 | 0 ms
10 : 0.8 : 36 | 4, 7, 9, 9, 9, 9, 9, 9, 9, 9 | 0 ms
10 : 0.8 : 33 | 4, 10 | 0 ms
10 : 0.8 : 35 | 4, 6, 8, 8, 8, 8, 8, 8, 8, 8 | 0 ms
10 : 0.9 : 40 | 3, 4, 5, 5, 5, 5, 5, 5, 5, 5 | 0 ms
10 : 0.9 : 41 | 3, 4, 4, 4, 4, 4, 4, 4, 4, 4 | 0 ms
10 : 0.9 : 42 | 3, 4, 4, 4, 4, 4, 4, 4, 4, 4 | 0 ms
10 : 0.9 : 39 | 4, 6, 6, 6, 6, 6, 6, 6, 6, 6 | 0 ms
10 : 0.9 : 36 | 4, 9, 10 | 0 ms
10 : 0.9 : 37 | 5, 9, 9, 9, 9, 9, 9, 9, 9, 9 | 0 ms
10 : 0.9 : 39 | 4, 6, 7, 7, 7, 7, 7, 7, 7, 7 | 0 ms
10 : 0.9 : 42 | 3, 4, 4, 4, 4, 4, 4, 4, 4, 4 | 0 ms

20 : 0.05 : 12 | 4, 8, 11, 13, 13, 12, 12, 12, 12, 12, 12, 12, 12, 12, 12, 12, 12, 12, 12, 12 | 0 ms
20 : 0.05 : 5 | 3, 4, 4, 4, 4, 3, 3, 3, 3, 3, 3, 3, 3, 3, 3, 3, 3, 3, 3, 3 | 0 ms
20 : 0.05 : 6 | 3, 4, 4, 4, 4, 3, 3, 3, 3, 3, 3, 3, 3, 3, 3, 3, 3, 3, 3, 3 | 0 ms
20 : 0.05 : 10 | 4, 8, 8, 8, 8, 7, 7, 7, 7, 7, 7, 7, 7, 7, 7, 7, 7, 7, 7, 7 | 0 ms
20 : 0.05 : 5 | 2, 2, 2, 2, 2, 1, 1, 1, 1, 1, 1, 1, 1, 1, 1, 1, 1, 1, 1, 1 | 0 ms
20 : 0.05 : 11 | 3, 5, 6, 7, 8, 7, 7, 7, 7, 7, 7, 7, 7, 7, 7, 7, 7, 7, 7, 7 | 0 ms
20 : 0.05 : 15 | 5, 11, 12, 12, 12, 11, 11, 11, 11, 11, 11, 11, 11, 11, 11, 11, 11, 11, 11, 11 | 0 ms
20 : 0.05 : 10 | 3, 6, 8, 9, 9, 8, 8, 8, 8, 8, 8, 8, 8, 8, 8, 8, 8, 8, 8, 8 | 0 ms
20 : 0.1 : 15 | 4, 9, 13, 15, 15, 15, 15, 15, 15, 15, 15, 15, 15, 15, 15, 15, 15, 15, 15, 15 | 0 ms
20 : 0.1 : 22 | 6, 17, 20 | 0 ms
20 : 0.1 : 16 | 5, 11, 13, 13, 13, 13, 13, 13, 13, 13, 13, 13, 13, 13, 13, 13, 13, 13, 13, 13 | 0 ms
20 : 0.1 : 17 | 6, 15, 16, 16, 16, 15, 15, 15, 15, 15, 15, 15, 15, 15, 15, 15, 15, 15, 15, 15 | 0 ms
20 : 0.1 : 16 | 6, 13, 15, 15, 15, 15, 15, 15, 15, 15, 15, 15, 15, 15, 15, 15, 15, 15, 15, 15 | 0 ms
20 : 0.1 : 15 | 4, 10, 14, 15, 15, 14, 14, 14, 14, 14, 14, 14, 14, 14, 14, 14, 14, 14, 14, 14 | 0 ms
20 : 0.1 : 18 | 5, 13, 17, 17, 17, 17, 17, 17, 17, 17, 17, 17, 17, 17, 17, 17, 17, 17, 17, 17 | 0 ms
20 : 0.1 : 18 | 4, 10, 14, 15, 15, 14, 14, 14, 14, 14, 14, 14, 14, 14, 14, 14, 14, 14, 14, 14 | 0 ms
20 : 0.2 : 31 | 5, 14, 19, 20 | 0 ms
20 : 0.2 : 42 | 7, 18, 19, 19, 19, 19, 19, 19, 19, 19, 19, 19, 19, 19, 19, 19, 19, 19, 19, 19 | 0 ms
20 : 0.2 : 45 | 8, 19, 20 | 0 ms
20 : 0.2 : 44 | 8, 20 | 0 ms
20 : 0.2 : 40 | 7, 20 | 0 ms
20 : 0.2 : 31 | 6, 17, 19, 20 | 0 ms
20 : 0.2 : 47 | 9, 20 | 0 ms
20 : 0.2 : 34 | 6, 18, 20 | 0 ms
20 : 0.3 : 62 | 7, 20 | 0 ms
20 : 0.3 : 61 | 6, 20 | 0 ms
20 : 0.3 : 56 | 6, 18, 20 | 0 ms
20 : 0.3 : 72 | 7, 19, 20 | 0 ms
20 : 0.3 : 53 | 8, 20 | 0 ms
20 : 0.3 : 53 | 6, 20 | 0 ms
20 : 0.3 : 57 | 7, 19, 20 | 0 ms
20 : 0.3 : 55 | 7, 20 | 0 ms
20 : 0.4 : 84 | 7, 20 | 0 ms
20 : 0.4 : 86 | 9, 20 | 0 ms
20 : 0.4 : 73 | 6, 20 | 0 ms
20 : 0.4 : 66 | 7, 20 | 0 ms
20 : 0.4 : 78 | 6, 19, 20 | 0 ms
20 : 0.4 : 77 | 7, 19, 20 | 0 ms
20 : 0.4 : 75 | 8, 20 | 0 ms
20 : 0.4 : 73 | 8, 20 | 0 ms
20 : 0.5 : 87 | 8, 20 | 0 ms
20 : 0.5 : 102 | 7, 20 | 0 ms
20 : 0.5 : 86 | 7, 20 | 0 ms
20 : 0.5 : 97 | 8, 20 | 0 ms
20 : 0.5 : 91 | 6, 20 | 0 ms
20 : 0.5 : 92 | 8, 20 | 0 ms
20 : 0.5 : 97 | 8, 20 | 0 ms
20 : 0.5 : 103 | 8, 20 | 0 ms
20 : 0.6 : 113 | 9, 20 | 0 ms
20 : 0.6 : 121 | 9, 20 | 0 ms
20 : 0.6 : 111 | 8, 20 | 0 ms
20 : 0.6 : 119 | 8, 20 | 0 ms
20 : 0.6 : 118 | 8, 20 | 0 ms
20 : 0.6 : 123 | 5, 20 | 0 ms
20 : 0.6 : 124 | 8, 20 | 0 ms
20 : 0.6 : 117 | 9, 20 | 0 ms
20 : 0.7 : 131 | 7, 20 | 0 ms
20 : 0.7 : 132 | 8, 19, 20 | 0 ms
20 : 0.7 : 131 | 6, 19, 20 | 0 ms
20 : 0.7 : 131 | 6, 20 | 0 ms
20 : 0.7 : 130 | 6, 19, 20 | 0 ms
20 : 0.7 : 135 | 5, 18, 20 | 0 ms
20 : 0.7 : 141 | 8, 19, 20 | 0 ms
20 : 0.7 : 135 | 8, 19, 20 | 0 ms
20 : 0.8 : 161 | 6, 16, 19, 19, 19, 19, 19, 19, 19, 19, 19, 19, 19, 19, 19, 19, 19, 19, 19, 19 | 2 ms
20 : 0.8 : 160 | 5, 17, 20 | 0 ms
20 : 0.8 : 150 | 8, 20 | 0 ms
20 : 0.8 : 153 | 5, 18, 20 | 0 ms
20 : 0.8 : 154 | 6, 20 | 0 ms
20 : 0.8 : 153 | 7, 18, 20 | 0 ms
20 : 0.8 : 147 | 7, 19, 20 | 0 ms
20 : 0.8 : 155 | 7, 17, 19, 20 | 0 ms
20 : 0.9 : 167 | 6, 15, 18, 18, 18, 18, 18, 18, 18, 18, 18, 18, 18, 18, 18, 18, 18, 18, 18, 18 | 2 ms
20 : 0.9 : 174 | 5, 12, 15, 16, 16, 16, 16, 16, 16, 16, 16, 16, 16, 16, 16, 16, 16, 16, 16, 16 | 2 ms
20 : 0.9 : 162 | 6, 15, 19, 19, 19, 19, 19, 19, 19, 19, 19, 19, 19, 19, 19, 19, 19, 19, 19, 19 | 2 ms
20 : 0.9 : 173 | 5, 12, 16, 17, 17, 17, 17, 17, 17, 17, 17, 17, 17, 17, 17, 17, 17, 17, 17, 17 | 2 ms
20 : 0.9 : 170 | 5, 14, 18, 18, 18, 18, 18, 18, 18, 18, 18, 18, 18, 18, 18, 18, 18, 18, 18, 18 | 2 ms
20 : 0.9 : 174 | 4, 10, 14, 15, 15, 15, 15, 15, 15, 15, 15, 15, 15, 15, 15, 15, 15, 15, 15, 15 | 2 ms
20 : 0.9 : 166 | 7, 15, 16, 16, 16, 16, 16, 16, 16, 16, 16, 16, 16, 16, 16, 16, 16, 16, 16, 16 | 2 ms
20 : 0.9 : 172 | 5, 13, 15, 15, 15, 15, 15, 15, 15, 15, 15, 15, 15, 15, 15, 15, 15, 15, 15, 15 | 2 ms

30 : 0.05 : 25 | 5, 14, 21, 23, 24, 24, 24, 24, 24, 24, 24, 24, 24, 24, 24, 24, 24, 24, 24, 24, 24, 24, 24, 24, 24, 24, 24, 24, 24, 24 | 1 ms
30 : 0.05 : 28 | 6, 18, 22, 22, 22, 21, 21, 21, 21, 21, 21, 21, 21, 21, 21, 21, 21, 21, 21, 21, 21, 21, 21, 21, 21, 21, 21, 21, 21, 21 | 1 ms
30 : 0.05 : 29 | 6, 20, 25, 25, 25, 24, 24, 24, 24, 24, 24, 24, 24, 24, 24, 24, 24, 24, 24, 24, 24, 24, 24, 24, 24, 24, 24, 24, 24, 24 | 1 ms
30 : 0.05 : 21 | 5, 13, 19, 20, 20, 19, 19, 19, 19, 19, 19, 19, 19, 19, 19, 19, 19, 19, 19, 19, 19, 19, 19, 19, 19, 19, 19, 19, 19, 19 | 0 ms
30 : 0.05 : 32 | 5, 15, 24, 29, 29, 28, 28, 28, 28, 28, 28, 28, 28, 28, 28, 28, 28, 28, 28, 28, 28, 28, 28, 28, 28, 28, 28, 28, 28, 28 | 1 ms
30 : 0.05 : 26 | 5, 14, 21, 22, 22, 21, 21, 21, 21, 21, 21, 21, 21, 21, 21, 21, 21, 21, 21, 21, 21, 21, 21, 21, 21, 21, 21, 21, 21, 21 | 0 ms
30 : 0.05 : 16 | 4, 8, 11, 11, 11, 11, 11, 11, 11, 11, 11, 11, 11, 11, 11, 11, 11, 11, 11, 11, 11, 11, 11, 11, 11, 11, 11, 11, 11, 11 | 0 ms
30 : 0.05 : 20 | 4, 8, 12, 16, 17, 17, 18, 18, 18, 18, 18, 18, 18, 18, 18, 18, 18, 18, 18, 18, 18, 18, 18, 18, 18, 18, 18, 18, 18, 18 | 0 ms
30 : 0.1 : 37 | 6, 23, 29, 29, 29, 29, 29, 29, 29, 29, 29, 29, 29, 29, 29, 29, 29, 29, 29, 29, 29, 29, 29, 29, 29, 29, 29, 29, 29, 29 | 1 ms
30 : 0.1 : 50 | 6, 26, 30 | 0 ms
30 : 0.1 : 40 | 7, 25, 28, 28, 28, 28, 28, 28, 28, 28, 28, 28, 28, 28, 28, 28, 28, 28, 28, 28, 28, 28, 28, 28, 28, 28, 28, 28, 28, 28 | 1 ms
30 : 0.1 : 42 | 7, 24, 27, 27, 27, 27, 27, 27, 27, 27, 27, 27, 27, 27, 27, 27, 27, 27, 27, 27, 27, 27, 27, 27, 27, 27, 27, 27, 27, 27 | 1 ms
30 : 0.1 : 47 | 7, 28, 29, 29, 29, 29, 29, 29, 29, 29, 29, 29, 29, 29, 29, 29, 29, 29, 29, 29, 29, 29, 29, 29, 29, 29, 29, 29, 29, 29 | 1 ms
30 : 0.1 : 51 | 8, 27, 30 | 0 ms
30 : 0.1 : 41 | 6, 24, 30 | 0 ms
30 : 0.1 : 55 | 7, 27, 30 | 0 ms
30 : 0.2 : 80 | 10, 29, 30 | 0 ms
30 : 0.2 : 79 | 8, 27, 30 | 0 ms
30 : 0.2 : 92 | 8, 29, 30 | 0 ms
30 : 0.2 : 86 | 8, 30 | 0 ms
30 : 0.2 : 71 | 9, 30 | 0 ms
30 : 0.2 : 81 | 8, 30 | 0 ms
30 : 0.2 : 88 | 10, 30 | 0 ms
30 : 0.2 : 97 | 10, 30 | 0 ms
30 : 0.3 : 133 | 8, 29, 30 | 0 ms
30 : 0.3 : 132 | 11, 30 | 0 ms
30 : 0.3 : 116 | 10, 30 | 0 ms
30 : 0.3 : 125 | 9, 30 | 0 ms
30 : 0.3 : 134 | 8, 30 | 0 ms
30 : 0.3 : 140 | 10, 30 | 0 ms
30 : 0.3 : 138 | 9, 30 | 0 ms
30 : 0.3 : 132 | 10, 30 | 0 ms
30 : 0.4 : 180 | 9, 30 | 0 ms
30 : 0.4 : 182 | 9, 30 | 0 ms
30 : 0.4 : 194 | 11, 30 | 0 ms
30 : 0.4 : 177 | 8, 30 | 0 ms
30 : 0.4 : 178 | 9, 30 | 0 ms
30 : 0.4 : 176 | 12, 30 | 0 ms
30 : 0.4 : 164 | 11, 30 | 0 ms
30 : 0.4 : 163 | 8, 30 | 0 ms
30 : 0.5 : 213 | 10, 30 | 0 ms
30 : 0.5 : 216 | 12, 30 | 0 ms
30 : 0.5 : 214 | 11, 30 | 0 ms
30 : 0.5 : 240 | 11, 30 | 0 ms
30 : 0.5 : 210 | 10, 30 | 0 ms
30 : 0.5 : 223 | 10, 30 | 0 ms
30 : 0.5 : 235 | 9, 30 | 0 ms
30 : 0.5 : 231 | 9, 29, 30 | 0 ms
30 : 0.6 : 276 | 11, 30 | 0 ms
30 : 0.6 : 242 | 8, 30 | 0 ms
30 : 0.6 : 287 | 12, 30 | 0 ms
30 : 0.6 : 264 | 12, 30 | 0 ms
30 : 0.6 : 246 | 9, 30 | 0 ms
30 : 0.6 : 266 | 11, 30 | 0 ms
30 : 0.6 : 250 | 11, 30 | 0 ms
30 : 0.6 : 265 | 10, 30 | 0 ms
30 : 0.7 : 314 | 10, 30 | 0 ms
30 : 0.7 : 308 | 7, 30 | 0 ms
30 : 0.7 : 310 | 11, 30 | 0 ms
30 : 0.7 : 307 | 10, 30 | 0 ms
30 : 0.7 : 302 | 10, 30 | 0 ms
30 : 0.7 : 291 | 11, 30 | 0 ms
30 : 0.7 : 311 | 9, 30 | 0 ms
30 : 0.7 : 304 | 8, 29, 30 | 0 ms
30 : 0.8 : 336 | 8, 30 | 0 ms
30 : 0.8 : 345 | 7, 30 | 0 ms
30 : 0.8 : 341 | 11, 30 | 0 ms
30 : 0.8 : 352 | 8, 28, 30 | 0 ms
30 : 0.8 : 358 | 7, 30 | 0 ms
30 : 0.8 : 335 | 7, 30 | 0 ms
30 : 0.8 : 365 | 9, 28, 30 | 0 ms
30 : 0.8 : 359 | 7, 29, 30 | 0 ms
30 : 0.9 : 387 | 8, 28, 30 | 0 ms
30 : 0.9 : 398 | 7, 25, 26, 26, 26, 26, 26, 26, 26, 26, 26, 26, 26, 26, 26, 26, 26, 26, 26, 26, 26, 26, 26, 26, 26, 26, 26, 26, 26, 26 | 12 ms
30 : 0.9 : 381 | 8, 28, 30 | 0 ms
30 : 0.9 : 387 | 8, 24, 29, 30 | 0 ms
30 : 0.9 : 396 | 5, 23, 27, 27, 27, 27, 27, 27, 27, 27, 27, 27, 27, 27, 27, 27, 27, 27, 27, 27, 27, 27, 27, 27, 27, 27, 27, 27, 27, 27 | 8 ms
30 : 0.9 : 405 | 7, 22, 24, 24, 24, 24, 24, 24, 24, 24, 24, 24, 24, 24, 24, 24, 24, 24, 24, 24, 24, 24, 24, 24, 24, 24, 24, 24, 24, 24 | 8 ms
30 : 0.9 : 391 | 8, 24, 28, 29, 29, 29, 29, 29, 29, 29, 29, 29, 29, 29, 29, 29, 29, 29, 29, 29, 29, 29, 29, 29, 29, 29, 29, 29, 29, 29 | 8 ms
30 : 0.9 : 392 | 6, 24, 28, 28, 28, 28, 28, 28, 28, 28, 28, 28, 28, 28, 28, 28, 28, 28, 28, 28, 28, 28, 28, 28, 28, 28, 28, 28, 28, 28 | 9 ms

40 : 0.05 : 44 | 6, 25, 36, 36, 36, 36, 36, 36, 36, 36, 36, 36, 36, 36, 36, 36, 36, 36, 36, 36, 36, 36, 36, 36, 36, 36, 36, 36, 36, 36, 36, 36, 36, 36, 36, 36, 36, 36, 36, 36 | 2 ms
40 : 0.05 : 32 | 6, 20, 26, 29, 29, 28, 28, 28, 28, 28, 28, 28, 28, 28, 28, 28, 28, 28, 28, 28, 28, 28, 28, 28, 28, 28, 28, 28, 28, 28, 28, 28, 28, 28, 28, 28, 28, 28, 28, 28 | 1 ms
40 : 0.05 : 43 | 7, 24, 36, 36, 36, 36, 36, 36, 36, 36, 36, 36, 36, 36, 36, 36, 36, 36, 36, 36, 36, 36, 36, 36, 36, 36, 36, 36, 36, 36, 36, 36, 36, 36, 36, 36, 36, 36, 36, 36 | 2 ms
40 : 0.05 : 40 | 6, 24, 35, 36, 36, 36, 36, 36, 36, 36, 36, 36, 36, 36, 36, 36, 36, 36, 36, 36, 36, 36, 36, 36, 36, 36, 36, 36, 36, 36, 36, 36, 36, 36, 36, 36, 36, 36, 36, 36 | 1 ms
40 : 0.05 : 35 | 5, 20, 26, 31, 32, 32, 32, 32, 32, 32, 32, 32, 32, 32, 32, 32, 32, 32, 32, 32, 32, 32, 32, 32, 32, 32, 32, 32, 32, 32, 32, 32, 32, 32, 32, 32, 32, 32, 32, 32 | 1 ms
40 : 0.05 : 41 | 6, 20, 30, 30, 30, 29, 29, 29, 29, 29, 29, 29, 29, 29, 29, 29, 29, 29, 29, 29, 29, 29, 29, 29, 29, 29, 29, 29, 29, 29, 29, 29, 29, 29, 29, 29, 29, 29, 29, 29 | 1 ms
40 : 0.05 : 40 | 6, 23, 33, 35, 35, 35, 35, 35, 35, 35, 35, 35, 35, 35, 35, 35, 35, 35, 35, 35, 35, 35, 35, 35, 35, 35, 35, 35, 35, 35, 35, 35, 35, 35, 35, 35, 35, 35, 35, 35 | 2 ms
40 : 0.05 : 42 | 6, 24, 33, 34, 34, 34, 34, 34, 34, 34, 34, 34, 34, 34, 34, 34, 34, 34, 34, 34, 34, 34, 34, 34, 34, 34, 34, 34, 34, 34, 34, 34, 34, 34, 34, 34, 34, 34, 34, 34 | 1 ms
40 : 0.1 : 67 | 7, 35, 40 | 0 ms
40 : 0.1 : 75 | 7, 30, 40 | 0 ms
40 : 0.1 : 85 | 8, 37, 40 | 0 ms
40 : 0.1 : 77 | 9, 37, 40 | 0 ms
40 : 0.1 : 74 | 8, 33, 39, 39, 39, 39, 39, 39, 39, 39, 39, 39, 39, 39, 39, 39, 39, 39, 39, 39, 39, 39, 39, 39, 39, 39, 39, 39, 39, 39, 39, 39, 39, 39, 39, 39, 39, 39, 39, 39 | 2 ms
40 : 0.1 : 66 | 8, 33, 38, 38, 38, 38, 38, 38, 38, 38, 38, 38, 38, 38, 38, 38, 38, 38, 38, 38, 38, 38, 38, 38, 38, 38, 38, 38, 38, 38, 38, 38, 38, 38, 38, 38, 38, 38, 38, 38 | 2 ms
40 : 0.1 : 83 | 9, 38, 40 | 0 ms
40 : 0.1 : 66 | 8, 35, 38, 38, 38, 38, 38, 38, 38, 38, 38, 38, 38, 38, 38, 38, 38, 38, 38, 38, 38, 38, 38, 38, 38, 38, 38, 38, 38, 38, 38, 38, 38, 38, 38, 38, 38, 38, 38, 38 | 2 ms
40 : 0.2 : 164 | 11, 40 | 0 ms
40 : 0.2 : 157 | 11, 39, 40 | 0 ms
40 : 0.2 : 158 | 9, 40 | 0 ms
40 : 0.2 : 153 | 10, 40 | 0 ms
40 : 0.2 : 151 | 10, 40 | 0 ms
40 : 0.2 : 157 | 11, 40 | 0 ms
40 : 0.2 : 155 | 13, 40 | 0 ms
40 : 0.2 : 145 | 12, 40 | 0 ms
40 : 0.3 : 234 | 11, 40 | 0 ms
40 : 0.3 : 210 | 9, 40 | 0 ms
40 : 0.3 : 238 | 13, 40 | 0 ms
40 : 0.3 : 242 | 13, 40 | 0 ms
40 : 0.3 : 236 | 12, 40 | 0 ms
40 : 0.3 : 236 | 12, 40 | 0 ms
40 : 0.3 : 236 | 11, 40 | 0 ms
40 : 0.3 : 275 | 16, 40 | 0 ms
40 : 0.4 : 325 | 13, 40 | 0 ms
40 : 0.4 : 304 | 14, 40 | 0 ms
40 : 0.4 : 323 | 12, 40 | 0 ms
40 : 0.4 : 327 | 14, 40 | 0 ms
40 : 0.4 : 330 | 11, 40 | 0 ms
40 : 0.4 : 327 | 12, 40 | 0 ms
40 : 0.4 : 324 | 12, 40 | 0 ms
40 : 0.4 : 322 | 11, 40 | 0 ms
40 : 0.5 : 373 | 13, 40 | 0 ms
40 : 0.5 : 405 | 11, 40 | 0 ms
40 : 0.5 : 390 | 14, 40 | 0 ms
40 : 0.5 : 382 | 15, 40 | 0 ms
40 : 0.5 : 381 | 14, 40 | 0 ms
40 : 0.5 : 406 | 13, 40 | 0 ms
40 : 0.5 : 398 | 14, 40 | 0 ms
40 : 0.5 : 388 | 16, 40 | 0 ms
40 : 0.6 : 481 | 12, 40 | 0 ms
40 : 0.6 : 485 | 14, 40 | 0 ms
40 : 0.6 : 460 | 12, 40 | 0 ms
40 : 0.6 : 479 | 12, 40 | 0 ms
40 : 0.6 : 443 | 12, 40 | 0 ms
40 : 0.6 : 460 | 15, 40 | 0 ms
40 : 0.6 : 485 | 11, 40 | 0 ms
40 : 0.6 : 490 | 12, 40 | 0 ms
40 : 0.7 : 561 | 11, 40 | 0 ms
40 : 0.7 : 558 | 13, 40 | 0 ms
40 : 0.7 : 539 | 12, 40 | 0 ms
40 : 0.7 : 540 | 15, 40 | 0 ms
40 : 0.7 : 520 | 13, 40 | 0 ms
40 : 0.7 : 544 | 12, 40 | 0 ms
40 : 0.7 : 560 | 11, 40 | 0 ms
40 : 0.7 : 561 | 11, 40 | 0 ms
40 : 0.8 : 627 | 10, 40 | 0 ms
40 : 0.8 : 625 | 11, 40 | 0 ms
40 : 0.8 : 619 | 12, 40 | 0 ms
40 : 0.8 : 619 | 11, 40 | 0 ms
40 : 0.8 : 626 | 12, 40 | 0 ms
40 : 0.8 : 652 | 10, 40 | 0 ms
40 : 0.8 : 634 | 10, 40 | 0 ms
40 : 0.8 : 620 | 9, 40 | 0 ms
40 : 0.9 : 703 | 8, 34, 40 | 1 ms
40 : 0.9 : 707 | 8, 37, 40 | 1 ms
40 : 0.9 : 705 | 9, 37, 39, 39, 39, 39, 39, 39, 39, 39, 39, 39, 39, 39, 39, 39, 39, 39, 39, 39, 39, 39, 39, 39, 39, 39, 39, 39, 39, 39, 39, 39, 39, 39, 39, 39, 39, 39, 39, 39 | 20 ms
40 : 0.9 : 713 | 7, 30, 38, 38, 38, 38, 38, 38, 38, 38, 38, 38, 38, 38, 38, 38, 38, 38, 38, 38, 38, 38, 38, 38, 38, 38, 38, 38, 38, 38, 38, 38, 38, 38, 38, 38, 38, 38, 38, 38 | 20 ms
40 : 0.9 : 714 | 9, 33, 39, 40 | 1 ms
40 : 0.9 : 716 | 6, 34, 40 | 1 ms
40 : 0.9 : 708 | 9, 37, 38, 38, 38, 38, 38, 38, 38, 38, 38, 38, 38, 38, 38, 38, 38, 38, 38, 38, 38, 38, 38, 38, 38, 38, 38, 38, 38, 38, 38, 38, 38, 38, 38, 38, 38, 38, 38, 38 | 20 ms
40 : 0.9 : 714 | 8, 37, 39, 39, 39, 39, 39, 39, 39, 39, 39, 39, 39, 39, 39, 39, 39, 39, 39, 39, 39, 39, 39, 39, 39, 39, 39, 39, 39, 39, 39, 39, 39, 39, 39, 39, 39, 39, 39, 39 | 23 ms

50 : 0.05 : 64 | 8, 38, 45, 46, 46, 46, 46, 46, 46, 46, 46, 46, 46, 46, 46, 46, 46, 46, 46, 46, 46, 46, 46, 46, 46, 46, 46, 46, 46, 46, 46, 46, 46, 46, 46, 46, 46, 46, 46, 46, 46, 46, 46, 46, 46, 46, 46, 46, 46, 46 | 3 ms
50 : 0.05 : 71 | 8, 38, 49, 49, 49, 49, 49, 49, 49, 49, 49, 49, 49, 49, 49, 49, 49, 49, 49, 49, 49, 49, 49, 49, 49, 49, 49, 49, 49, 49, 49, 49, 49, 49, 49, 49, 49, 49, 49, 49, 49, 49, 49, 49, 49, 49, 49, 49, 49, 49 | 3 ms
50 : 0.05 : 53 | 7, 28, 39, 41, 41, 40, 40, 40, 40, 40, 40, 40, 40, 40, 40, 40, 40, 40, 40, 40, 40, 40, 40, 40, 40, 40, 40, 40, 40, 40, 40, 40, 40, 40, 40, 40, 40, 40, 40, 40, 40, 40, 40, 40, 40, 40, 40, 40, 40, 40 | 3 ms
50 : 0.05 : 43 | 6, 24, 33, 35, 36, 35, 35, 35, 35, 35, 35, 35, 35, 35, 35, 35, 35, 35, 35, 35, 35, 35, 35, 35, 35, 35, 35, 35, 35, 35, 35, 35, 35, 35, 35, 35, 35, 35, 35, 35, 35, 35, 35, 35, 35, 35, 35, 35, 35, 35 | 2 ms
50 : 0.05 : 66 | 8, 37, 44, 44, 44, 43, 43, 43, 43, 43, 43, 43, 43, 43, 43, 43, 43, 43, 43, 43, 43, 43, 43, 43, 43, 43, 43, 43, 43, 43, 43, 43, 43, 43, 43, 43, 43, 43, 43, 43, 43, 43, 43, 43, 43, 43, 43, 43, 43, 43 | 3 ms
50 : 0.05 : 62 | 8, 38, 41, 41, 41, 40, 40, 40, 40, 40, 40, 40, 40, 40, 40, 40, 40, 40, 40, 40, 40, 40, 40, 40, 40, 40, 40, 40, 40, 40, 40, 40, 40, 40, 40, 40, 40, 40, 40, 40, 40, 40, 40, 40, 40, 40, 40, 40, 40, 40 | 3 ms
50 : 0.05 : 58 | 7, 34, 43, 44, 44, 44, 44, 44, 44, 44, 44, 44, 44, 44, 44, 44, 44, 44, 44, 44, 44, 44, 44, 44, 44, 44, 44, 44, 44, 44, 44, 44, 44, 44, 44, 44, 44, 44, 44, 44, 44, 44, 44, 44, 44, 44, 44, 44, 44, 44 | 3 ms
50 : 0.05 : 55 | 7, 31, 41, 45, 45, 44, 44, 44, 44, 44, 44, 44, 44, 44, 44, 44, 44, 44, 44, 44, 44, 44, 44, 44, 44, 44, 44, 44, 44, 44, 44, 44, 44, 44, 44, 44, 44, 44, 44, 44, 44, 44, 44, 44, 44, 44, 44, 44, 44, 44 | 3 ms
50 : 0.1 : 116 | 9, 49, 50 | 0 ms
50 : 0.1 : 127 | 11, 49, 50 | 0 ms
50 : 0.1 : 137 | 10, 48, 50 | 0 ms
50 : 0.1 : 135 | 11, 48, 50 | 0 ms
50 : 0.1 : 120 | 11, 49, 50 | 0 ms
50 : 0.1 : 111 | 10, 48, 50 | 0 ms
50 : 0.1 : 101 | 9, 48, 50 | 0 ms
50 : 0.1 : 139 | 9, 49, 50 | 0 ms
50 : 0.2 : 247 | 11, 50 | 0 ms
50 : 0.2 : 245 | 12, 50 | 0 ms
50 : 0.2 : 239 | 12, 50 | 0 ms
50 : 0.2 : 269 | 13, 50 | 0 ms
50 : 0.2 : 232 | 11, 50 | 0 ms
50 : 0.2 : 224 | 11, 50 | 0 ms
50 : 0.2 : 263 | 10, 50 | 0 ms
50 : 0.2 : 241 | 10, 50 | 0 ms
50 : 0.3 : 368 | 16, 50 | 0 ms
50 : 0.3 : 382 | 13, 50 | 0 ms
50 : 0.3 : 352 | 14, 50 | 0 ms
50 : 0.3 : 376 | 16, 50 | 0 ms
50 : 0.3 : 378 | 15, 50 | 0 ms
50 : 0.3 : 373 | 13, 50 | 0 ms
50 : 0.3 : 368 | 13, 50 | 0 ms
50 : 0.3 : 353 | 15, 50 | 0 ms
50 : 0.4 : 503 | 14, 50 | 0 ms
50 : 0.4 : 496 | 14, 50 | 0 ms
50 : 0.4 : 467 | 13, 50 | 0 ms
50 : 0.4 : 482 | 14, 50 | 0 ms
50 : 0.4 : 493 | 13, 50 | 0 ms
50 : 0.4 : 484 | 15, 50 | 0 ms
50 : 0.4 : 478 | 14, 50 | 0 ms
50 : 0.4 : 510 | 13, 50 | 0 ms
50 : 0.5 : 584 | 15, 50 | 0 ms
50 : 0.5 : 610 | 15, 50 | 0 ms
50 : 0.5 : 620 | 14, 50 | 0 ms
50 : 0.5 : 577 | 14, 50 | 0 ms
50 : 0.5 : 578 | 15, 50 | 0 ms
50 : 0.5 : 614 | 14, 50 | 0 ms
50 : 0.5 : 602 | 13, 50 | 0 ms
50 : 0.5 : 635 | 18, 50 | 0 ms
50 : 0.6 : 742 | 15, 50 | 0 ms
50 : 0.6 : 745 | 12, 50 | 0 ms
50 : 0.6 : 750 | 13, 50 | 0 ms
50 : 0.6 : 754 | 15, 50 | 0 ms
50 : 0.6 : 741 | 14, 50 | 0 ms
50 : 0.6 : 768 | 15, 50 | 0 ms
50 : 0.6 : 715 | 14, 50 | 0 ms
50 : 0.6 : 734 | 12, 50 | 0 ms
50 : 0.7 : 850 | 13, 50 | 1 ms
50 : 0.7 : 872 | 14, 50 | 0 ms
50 : 0.7 : 871 | 14, 50 | 0 ms
50 : 0.7 : 860 | 13, 50 | 0 ms
50 : 0.7 : 852 | 14, 50 | 0 ms
50 : 0.7 : 847 | 14, 50 | 0 ms
50 : 0.7 : 868 | 13, 50 | 0 ms
50 : 0.7 : 893 | 12, 50 | 0 ms
50 : 0.8 : 968 | 14, 50 | 0 ms
50 : 0.8 : 997 | 13, 50 | 0 ms
50 : 0.8 : 997 | 14, 50 | 0 ms
50 : 0.8 : 970 | 15, 50 | 0 ms
50 : 0.8 : 1011 | 11, 50 | 0 ms
50 : 0.8 : 990 | 13, 50 | 0 ms
50 : 0.8 : 1005 | 12, 50 | 0 ms
50 : 0.8 : 988 | 12, 50 | 0 ms
50 : 0.9 : 1113 | 9, 47, 50 | 1 ms
50 : 0.9 : 1107 | 9, 47, 50 | 1 ms
50 : 0.9 : 1105 | 9, 48, 50 | 1 ms
50 : 0.9 : 1111 | 8, 50 | 0 ms
50 : 0.9 : 1103 | 9, 50 | 0 ms
50 : 0.9 : 1102 | 9, 49, 50 | 1 ms
50 : 0.9 : 1100 | 9, 46, 50 | 1 ms
50 : 0.9 : 1111 | 11, 49, 50 | 1 ms

60 : 0.05 : 84 | 8, 40, 56, 56, 56, 55, 55, 55, 55, 55, 55, 55, 55, 55, 55, 55, 55, 55, 55, 55, 55, 55, 55, 55, 55, 55, 55, 55, 55, 55, 55, 55, 55, 55, 55, 55, 55, 55, 55, 55, 55, 55, 55, 55, 55, 55, 55, 55, 55, 55, 55, 55, 55, 55, 55, 55, 55, 55, 55, 55 | 5 ms
60 : 0.05 : 78 | 8, 41, 54, 56, 57, 57, 57, 57, 57, 57, 57, 57, 57, 57, 57, 57, 57, 57, 57, 57, 57, 57, 57, 57, 57, 57, 57, 57, 57, 57, 57, 57, 57, 57, 57, 57, 57, 57, 57, 57, 57, 57, 57, 57, 57, 57, 57, 57, 57, 57, 57, 57, 57, 57, 57, 57, 57, 57, 57, 57 | 5 ms
60 : 0.05 : 82 | 8, 44, 55, 55, 55, 54, 54, 54, 54, 54, 54, 54, 54, 54, 54, 54, 54, 54, 54, 54, 54, 54, 54, 54, 54, 54, 54, 54, 54, 54, 54, 54, 54, 54, 54, 54, 54, 54, 54, 54, 54, 54, 54, 54, 54, 54, 54, 54, 54, 54, 54, 54, 54, 54, 54, 54, 54, 54, 54, 54 | 5 ms
60 : 0.05 : 67 | 7, 36, 48, 50, 50, 50, 50, 50, 50, 50, 50, 50, 50, 50, 50, 50, 50, 50, 50, 50, 50, 50, 50, 50, 50, 50, 50, 50, 50, 50, 50, 50, 50, 50, 50, 50, 50, 50, 50, 50, 50, 50, 50, 50, 50, 50, 50, 50, 50, 50, 50, 50, 50, 50, 50, 50, 50, 50, 50, 50 | 5 ms
60 : 0.05 : 84 | 8, 44, 55, 56, 56, 55, 55, 55, 55, 55, 55, 55, 55, 55, 55, 55, 55, 55, 55, 55, 55, 55, 55, 55, 55, 55, 55, 55, 55, 55, 55, 55, 55, 55, 55, 55, 55, 55, 55, 55, 55, 55, 55, 55, 55, 55, 55, 55, 55, 55, 55, 55, 55, 55, 55, 55, 55, 55, 55, 55 | 9 ms
60 : 0.05 : 96 | 9, 50, 56, 56, 56, 56, 56, 56, 56, 56, 56, 56, 56, 56, 56, 56, 56, 56, 56, 56, 56, 56, 56, 56, 56, 56, 56, 56, 56, 56, 56, 56, 56, 56, 56, 56, 56, 56, 56, 56, 56, 56, 56, 56, 56, 56, 56, 56, 56, 56, 56, 56, 56, 56, 56, 56, 56, 56, 56, 56 | 9 ms
60 : 0.05 : 80 | 7, 40, 55, 56, 56, 56, 56, 56, 56, 56, 56, 56, 56, 56, 56, 56, 56, 56, 56, 56, 56, 56, 56, 56, 56, 56, 56, 56, 56, 56, 56, 56, 56, 56, 56, 56, 56, 56, 56, 56, 56, 56, 56, 56, 56, 56, 56, 56, 56, 56, 56, 56, 56, 56, 56, 56, 56, 56, 56, 56 | 5 ms
60 : 0.05 : 85 | 8, 45, 52, 53, 53, 53, 53, 53, 53, 53, 53, 53, 53, 53, 53, 53, 53, 53, 53, 53, 53, 53, 53, 53, 53, 53, 53, 53, 53, 53, 53, 53, 53, 53, 53, 53, 53, 53, 53, 53, 53, 53, 53, 53, 53, 53, 53, 53, 53, 53, 53, 53, 53, 53, 53, 53, 53, 53, 53, 53 | 5 ms
60 : 0.1 : 204 | 9, 58, 60 | 0 ms
60 : 0.1 : 175 | 10, 59, 60 | 0 ms
60 : 0.1 : 191 | 10, 59, 60 | 0 ms
60 : 0.1 : 181 | 10, 57, 60 | 0 ms
60 : 0.1 : 174 | 12, 59, 60 | 0 ms
60 : 0.1 : 205 | 12, 59, 60 | 0 ms
60 : 0.1 : 169 | 8, 58, 60 | 0 ms
60 : 0.1 : 168 | 11, 59, 60 | 0 ms
60 : 0.2 : 363 | 16, 60 | 0 ms
60 : 0.2 : 346 | 15, 60 | 0 ms
60 : 0.2 : 338 | 16, 60 | 0 ms
60 : 0.2 : 324 | 13, 60 | 0 ms
60 : 0.2 : 375 | 12, 60 | 0 ms
60 : 0.2 : 349 | 13, 60 | 0 ms
60 : 0.2 : 355 | 16, 60 | 0 ms
60 : 0.2 : 375 | 14, 60 | 0 ms
60 : 0.3 : 546 | 14, 60 | 0 ms
60 : 0.3 : 552 | 17, 60 | 0 ms
60 : 0.3 : 486 | 15, 60 | 0 ms
60 : 0.3 : 515 | 15, 60 | 0 ms
60 : 0.3 : 518 | 17, 60 | 0 ms
60 : 0.3 : 542 | 15, 60 | 0 ms
60 : 0.3 : 523 | 15, 60 | 0 ms
60 : 0.3 : 523 | 14, 60 | 0 ms
60 : 0.4 : 713 | 18, 60 | 0 ms
60 : 0.4 : 723 | 19, 60 | 0 ms
60 : 0.4 : 733 | 18, 60 | 0 ms
60 : 0.4 : 712 | 18, 60 | 0 ms
60 : 0.4 : 703 | 15, 60 | 0 ms
60 : 0.4 : 713 | 15, 60 | 0 ms
60 : 0.4 : 727 | 16, 60 | 0 ms
60 : 0.4 : 736 | 12, 60 | 0 ms
60 : 0.5 : 875 | 17, 60 | 0 ms
60 : 0.5 : 931 | 18, 60 | 0 ms
60 : 0.5 : 898 | 14, 60 | 1 ms
60 : 0.5 : 854 | 16, 60 | 0 ms
60 : 0.5 : 873 | 18, 60 | 0 ms
60 : 0.5 : 876 | 15, 60 | 0 ms
60 : 0.5 : 887 | 16, 60 | 0 ms
60 : 0.5 : 891 | 17, 60 | 0 ms
60 : 0.6 : 1022 | 16, 60 | 0 ms
60 : 0.6 : 1064 | 15, 60 | 0 ms
60 : 0.6 : 1063 | 19, 60 | 0 ms
60 : 0.6 : 1084 | 14, 60 | 0 ms
60 : 0.6 : 1067 | 16, 60 | 0 ms
60 : 0.6 : 1058 | 17, 60 | 0 ms
60 : 0.6 : 1064 | 15, 60 | 1 ms
60 : 0.6 : 1043 | 15, 60 | 0 ms
60 : 0.7 : 1252 | 17, 60 | 0 ms
60 : 0.7 : 1234 | 14, 60 | 0 ms
60 : 0.7 : 1278 | 17, 60 | 1 ms
60 : 0.7 : 1232 | 15, 60 | 0 ms
60 : 0.7 : 1238 | 17, 60 | 0 ms
60 : 0.7 : 1258 | 18, 60 | 1 ms
60 : 0.7 : 1272 | 15, 60 | 1 ms
60 : 0.7 : 1259 | 17, 60 | 0 ms
60 : 0.8 : 1429 | 14, 60 | 1 ms
60 : 0.8 : 1416 | 14, 60 | 1 ms
60 : 0.8 : 1390 | 12, 60 | 1 ms
60 : 0.8 : 1437 | 13, 60 | 1 ms
60 : 0.8 : 1448 | 14, 60 | 1 ms
60 : 0.8 : 1418 | 15, 60 | 1 ms
60 : 0.8 : 1407 | 13, 60 | 1 ms
60 : 0.8 : 1450 | 13, 60 | 1 ms
60 : 0.9 : 1591 | 11, 60 | 1 ms
60 : 0.9 : 1606 | 10, 57, 60 | 2 ms
60 : 0.9 : 1590 | 10, 59, 60 | 2 ms
60 : 0.9 : 1626 | 8, 60 | 1 ms
60 : 0.9 : 1588 | 10, 60 | 1 ms
60 : 0.9 : 1582 | 10, 60 | 1 ms
60 : 0.9 : 1579 | 11, 59, 60 | 2 ms
60 : 0.9 : 1610 | 11, 60 | 1 ms

70 : 0.05 : 116 | 8, 53, 68, 69, 70 | 0 ms
70 : 0.05 : 114 | 8, 59, 67, 67, 67, 66, 66, 66, 66, 66, 66, 66, 66, 66, 66, 66, 66, 66, 66, 66, 66, 66, 66, 66, 66, 66, 66, 66, 66, 66, 66, 66, 66, 66, 66, 66, 66, 66, 66, 66, 66, 66, 66, 66, 66, 66, 66, 66, 66, 66, 66, 66, 66, 66, 66, 66, 66, 66, 66, 66, 66, 66, 66, 66, 66, 66, 66, 66, 66, 66 | 8 ms
70 : 0.05 : 110 | 9, 59, 66, 67, 67, 67, 67, 67, 67, 67, 67, 67, 67, 67, 67, 67, 67, 67, 67, 67, 67, 67, 67, 67, 67, 67, 67, 67, 67, 67, 67, 67, 67, 67, 67, 67, 67, 67, 67, 67, 67, 67, 67, 67, 67, 67, 67, 67, 67, 67, 67, 67, 67, 67, 67, 67, 67, 67, 67, 67, 67, 67, 67, 67, 67, 67, 67, 67, 67, 67 | 7 ms
70 : 0.05 : 113 | 9, 59, 65, 65, 65, 65, 65, 65, 65, 65, 65, 65, 65, 65, 65, 65, 65, 65, 65, 65, 65, 65, 65, 65, 65, 65, 65, 65, 65, 65, 65, 65, 65, 65, 65, 65, 65, 65, 65, 65, 65, 65, 65, 65, 65, 65, 65, 65, 65, 65, 65, 65, 65, 65, 65, 65, 65, 65, 65, 65, 65, 65, 65, 65, 65, 65, 65, 65, 65, 65 | 13 ms
70 : 0.05 : 133 | 9, 59, 70 | 0 ms
70 : 0.05 : 136 | 9, 61, 69, 69, 69, 69, 69, 69, 69, 69, 69, 69, 69, 69, 69, 69, 69, 69, 69, 69, 69, 69, 69, 69, 69, 69, 69, 69, 69, 69, 69, 69, 69, 69, 69, 69, 69, 69, 69, 69, 69, 69, 69, 69, 69, 69, 69, 69, 69, 69, 69, 69, 69, 69, 69, 69, 69, 69, 69, 69, 69, 69, 69, 69, 69, 69, 69, 69, 69, 69 | 11 ms
70 : 0.05 : 109 | 8, 58, 67, 67, 67, 67, 67, 67, 67, 67, 67, 67, 67, 67, 67, 67, 67, 67, 67, 67, 67, 67, 67, 67, 67, 67, 67, 67, 67, 67, 67, 67, 67, 67, 67, 67, 67, 67, 67, 67, 67, 67, 67, 67, 67, 67, 67, 67, 67, 67, 67, 67, 67, 67, 67, 67, 67, 67, 67, 67, 67, 67, 67, 67, 67, 67, 67, 67, 67, 67 | 7 ms
70 : 0.05 : 132 | 9, 62, 68, 68, 68, 68, 68, 68, 68, 68, 68, 68, 68, 68, 68, 68, 68, 68, 68, 68, 68, 68, 68, 68, 68, 68, 68, 68, 68, 68, 68, 68, 68, 68, 68, 68, 68, 68, 68, 68, 68, 68, 68, 68, 68, 68, 68, 68, 68, 68, 68, 68, 68, 68, 68, 68, 68, 68, 68, 68, 68, 68, 68, 68, 68, 68, 68, 68, 68, 68 | 8 ms
70 : 0.1 : 229 | 13, 70 | 0 ms
70 : 0.1 : 214 | 12, 69, 70 | 0 ms
70 : 0.1 : 231 | 11, 70 | 0 ms
70 : 0.1 : 228 | 9, 70 | 0 ms
70 : 0.1 : 248 | 12, 70 | 0 ms
70 : 0.1 : 233 | 11, 70 | 0 ms
70 : 0.1 : 236 | 12, 70 | 0 ms
70 : 0.1 : 246 | 11, 70 | 0 ms
70 : 0.2 : 507 | 16, 70 | 0 ms
70 : 0.2 : 486 | 17, 70 | 0 ms
70 : 0.2 : 471 | 12, 70 | 0 ms
70 : 0.2 : 467 | 14, 70 | 0 ms
70 : 0.2 : 474 | 15, 70 | 0 ms
70 : 0.2 : 516 | 13, 70 | 0 ms
70 : 0.2 : 460 | 15, 70 | 0 ms
70 : 0.2 : 516 | 15, 70 | 0 ms
70 : 0.3 : 751 | 17, 70 | 0 ms
70 : 0.3 : 736 | 18, 70 | 0 ms
70 : 0.3 : 752 | 19, 70 | 0 ms
70 : 0.3 : 728 | 17, 70 | 0 ms
70 : 0.3 : 722 | 18, 70 | 0 ms
70 : 0.3 : 718 | 17, 70 | 0 ms
70 : 0.3 : 727 | 18, 70 | 0 ms
70 : 0.3 : 740 | 17, 70 | 0 ms
70 : 0.4 : 1001 | 17, 70 | 0 ms
70 : 0.4 : 985 | 18, 70 | 0 ms
70 : 0.4 : 977 | 17, 70 | 0 ms
70 : 0.4 : 955 | 16, 70 | 0 ms
70 : 0.4 : 975 | 18, 70 | 0 ms
70 : 0.4 : 984 | 18, 70 | 0 ms
70 : 0.4 : 944 | 18, 70 | 0 ms
70 : 0.4 : 957 | 18, 70 | 0 ms
70 : 0.5 : 1181 | 18, 70 | 0 ms
70 : 0.5 : 1186 | 19, 70 | 0 ms
70 : 0.5 : 1207 | 19, 70 | 0 ms
70 : 0.5 : 1223 | 19, 70 | 1 ms
70 : 0.5 : 1209 | 17, 70 | 0 ms
70 : 0.5 : 1202 | 16, 70 | 0 ms
70 : 0.5 : 1242 | 16, 70 | 1 ms
70 : 0.5 : 1179 | 16, 70 | 0 ms
70 : 0.6 : 1405 | 19, 70 | 1 ms
70 : 0.6 : 1509 | 19, 70 | 1 ms
70 : 0.6 : 1456 | 17, 70 | 1 ms
70 : 0.6 : 1435 | 18, 70 | 1 ms
70 : 0.6 : 1477 | 17, 70 | 1 ms
70 : 0.6 : 1461 | 18, 70 | 1 ms
70 : 0.6 : 1486 | 16, 70 | 1 ms
70 : 0.6 : 1509 | 18, 70 | 1 ms
70 : 0.7 : 1669 | 16, 70 | 1 ms
70 : 0.7 : 1719 | 15, 70 | 1 ms
70 : 0.7 : 1738 | 19, 70 | 1 ms
70 : 0.7 : 1712 | 16, 70 | 1 ms
70 : 0.7 : 1710 | 17, 70 | 1 ms
70 : 0.7 : 1705 | 14, 70 | 1 ms
70 : 0.7 : 1695 | 15, 70 | 1 ms
70 : 0.7 : 1703 | 18, 70 | 1 ms
70 : 0.8 : 1994 | 14, 70 | 1 ms
70 : 0.8 : 1933 | 15, 70 | 1 ms
70 : 0.8 : 1935 | 14, 70 | 1 ms
70 : 0.8 : 1906 | 15, 70 | 1 ms
70 : 0.8 : 1931 | 13, 70 | 1 ms
70 : 0.8 : 1946 | 14, 70 | 1 ms
70 : 0.8 : 1923 | 16, 70 | 1 ms
70 : 0.8 : 1905 | 14, 70 | 1 ms
70 : 0.9 : 2178 | 11, 69, 70 | 3 ms
70 : 0.9 : 2175 | 11, 69, 70 | 3 ms
70 : 0.9 : 2160 | 10, 70 | 1 ms
70 : 0.9 : 2178 | 12, 70 | 2 ms
70 : 0.9 : 2179 | 11, 70 | 2 ms
70 : 0.9 : 2178 | 10, 70 | 2 ms
70 : 0.9 : 2190 | 11, 70 | 1 ms
70 : 0.9 : 2177 | 11, 70 | 1 ms

80 : 0.05 : 158 | 10, 74, 79, 79, 79, 79, 79, 79, 79, 79, 79, 79, 79, 79, 79, 79, 79, 79, 79, 79, 79, 79, 79, 79, 79, 79, 79, 79, 79, 79, 79, 79, 79, 79, 79, 79, 79, 79, 79, 79, 79, 79, 79, 79, 79, 79, 79, 79, 79, 79, 79, 79, 79, 79, 79, 79, 79, 79, 79, 79, 79, 79, 79, 79, 79, 79, 79, 79, 79, 79, 79, 79, 79, 79, 79, 79, 79, 79, 79, 79 | 17 ms
80 : 0.05 : 159 | 11, 74, 78, 78, 78, 78, 78, 78, 78, 78, 78, 78, 78, 78, 78, 78, 78, 78, 78, 78, 78, 78, 78, 78, 78, 78, 78, 78, 78, 78, 78, 78, 78, 78, 78, 78, 78, 78, 78, 78, 78, 78, 78, 78, 78, 78, 78, 78, 78, 78, 78, 78, 78, 78, 78, 78, 78, 78, 78, 78, 78, 78, 78, 78, 78, 78, 78, 78, 78, 78, 78, 78, 78, 78, 78, 78, 78, 78, 78, 78 | 13 ms
80 : 0.05 : 149 | 9, 67, 80 | 0 ms
80 : 0.05 : 148 | 10, 67, 79, 79, 79, 79, 79, 79, 79, 79, 79, 79, 79, 79, 79, 79, 79, 79, 79, 79, 79, 79, 79, 79, 79, 79, 79, 79, 79, 79, 79, 79, 79, 79, 79, 79, 79, 79, 79, 79, 79, 79, 79, 79, 79, 79, 79, 79, 79, 79, 79, 79, 79, 79, 79, 79, 79, 79, 79, 79, 79, 79, 79, 79, 79, 79, 79, 79, 79, 79, 79, 79, 79, 79, 79, 79, 79, 79, 79, 79 | 11 ms
80 : 0.05 : 157 | 9, 71, 78, 78, 78, 78, 78, 78, 78, 78, 78, 78, 78, 78, 78, 78, 78, 78, 78, 78, 78, 78, 78, 78, 78, 78, 78, 78, 78, 78, 78, 78, 78, 78, 78, 78, 78, 78, 78, 78, 78, 78, 78, 78, 78, 78, 78, 78, 78, 78, 78, 78, 78, 78, 78, 78, 78, 78, 78, 78, 78, 78, 78, 78, 78, 78, 78, 78, 78, 78, 78, 78, 78, 78, 78, 78, 78, 78, 78, 78 | 12 ms
80 : 0.05 : 168 | 9, 70, 80 | 0 ms
80 : 0.05 : 163 | 11, 76, 80 | 0 ms
80 : 0.05 : 145 | 8, 66, 79, 79, 79, 79, 79, 79, 79, 79, 79, 79, 79, 79, 79, 79, 79, 79, 79, 79, 79, 79, 79, 79, 79, 79, 79, 79, 79, 79, 79, 79, 79, 79, 79, 79, 79, 79, 79, 79, 79, 79, 79, 79, 79, 79, 79, 79, 79, 79, 79, 79, 79, 79, 79, 79, 79, 79, 79, 79, 79, 79, 79, 79, 79, 79, 79, 79, 79, 79, 79, 79, 79, 79, 79, 79, 79, 79, 79, 79 | 11 ms
80 : 0.1 : 290 | 13, 80 | 0 ms
80 : 0.1 : 316 | 14, 80 | 0 ms
80 : 0.1 : 317 | 13, 80 | 0 ms
80 : 0.1 : 308 | 11, 80 | 0 ms
80 : 0.1 : 314 | 12, 79, 80 | 0 ms
80 : 0.1 : 305 | 13, 80 | 0 ms
80 : 0.1 : 305 | 12, 80 | 0 ms
80 : 0.1 : 316 | 12, 80 | 0 ms
80 : 0.2 : 648 | 15, 80 | 0 ms
80 : 0.2 : 608 | 17, 80 | 0 ms
80 : 0.2 : 616 | 16, 80 | 0 ms
80 : 0.2 : 622 | 17, 80 | 0 ms
80 : 0.2 : 669 | 17, 80 | 0 ms
80 : 0.2 : 622 | 14, 80 | 0 ms
80 : 0.2 : 638 | 14, 80 | 0 ms
80 : 0.2 : 631 | 17, 80 | 0 ms
80 : 0.3 : 958 | 17, 80 | 0 ms
80 : 0.3 : 945 | 19, 80 | 0 ms
80 : 0.3 : 982 | 18, 80 | 0 ms
80 : 0.3 : 965 | 20, 80 | 0 ms
80 : 0.3 : 916 | 19, 80 | 0 ms
80 : 0.3 : 943 | 18, 80 | 0 ms
80 : 0.3 : 939 | 19, 80 | 0 ms
80 : 0.3 : 964 | 19, 80 | 0 ms
80 : 0.4 : 1274 | 20, 80 | 0 ms
80 : 0.4 : 1250 | 17, 80 | 0 ms
80 : 0.4 : 1262 | 16, 80 | 0 ms
80 : 0.4 : 1247 | 20, 80 | 0 ms
80 : 0.4 : 1222 | 19, 80 | 0 ms
80 : 0.4 : 1255 | 21, 80 | 0 ms
80 : 0.4 : 1242 | 21, 80 | 0 ms
80 : 0.4 : 1280 | 19, 80 | 1 ms
80 : 0.5 : 1554 | 18, 80 | 1 ms
80 : 0.5 : 1619 | 19, 80 | 1 ms
80 : 0.5 : 1587 | 19, 80 | 1 ms
80 : 0.5 : 1558 | 20, 80 | 1 ms
80 : 0.5 : 1573 | 20, 80 | 1 ms
80 : 0.5 : 1563 | 19, 80 | 1 ms
80 : 0.5 : 1582 | 18, 80 | 1 ms
80 : 0.5 : 1558 | 21, 80 | 2 ms
80 : 0.6 : 1926 | 19, 80 | 2 ms
80 : 0.6 : 1949 | 21, 80 | 2 ms
80 : 0.6 : 1879 | 16, 80 | 2 ms
80 : 0.6 : 1943 | 19, 80 | 2 ms
80 : 0.6 : 1897 | 20, 80 | 1 ms
80 : 0.6 : 1950 | 20, 80 | 1 ms
80 : 0.6 : 1893 | 20, 80 | 1 ms
80 : 0.6 : 1893 | 21, 80 | 1 ms
80 : 0.7 : 2216 | 17, 80 | 1 ms
80 : 0.7 : 2261 | 17, 80 | 1 ms
80 : 0.7 : 2251 | 16, 80 | 1 ms
80 : 0.7 : 2245 | 19, 80 | 1 ms
80 : 0.7 : 2200 | 16, 80 | 1 ms
80 : 0.7 : 2231 | 18, 80 | 1 ms
80 : 0.7 : 2234 | 19, 80 | 1 ms
80 : 0.7 : 2250 | 19, 80 | 1 ms
80 : 0.8 : 2565 | 16, 80 | 2 ms
80 : 0.8 : 2547 | 15, 80 | 2 ms
80 : 0.8 : 2528 | 16, 80 | 2 ms
80 : 0.8 : 2521 | 17, 80 | 2 ms
80 : 0.8 : 2528 | 15, 80 | 1 ms
80 : 0.8 : 2512 | 18, 80 | 2 ms
80 : 0.8 : 2509 | 14, 80 | 1 ms
80 : 0.8 : 2552 | 15, 80 | 2 ms
80 : 0.9 : 2879 | 15, 80 | 4 ms
80 : 0.9 : 2848 | 11, 80 | 2 ms
80 : 0.9 : 2855 | 13, 80 | 2 ms
80 : 0.9 : 2828 | 12, 80 | 2 ms
80 : 0.9 : 2834 | 12, 80 | 2 ms
80 : 0.9 : 2852 | 12, 80 | 2 ms
80 : 0.9 : 2878 | 11, 80 | 2 ms
80 : 0.9 : 2848 | 10, 80 | 2 ms

90 : 0.05 : 211 | 11, 84, 90 | 0 ms
90 : 0.05 : 198 | 9, 83, 90 | 0 ms
90 : 0.05 : 199 | 10, 87, 90 | 0 ms
90 : 0.05 : 213 | 10, 87, 90 | 0 ms
90 : 0.05 : 191 | 10, 80, 89, 89, 89, 88, 88, 88, 88, 88, 88, 88, 88, 88, 88, 88, 88, 88, 88, 88, 88, 88, 88, 88, 88, 88, 88, 88, 88, 88, 88, 88, 88, 88, 88, 88, 88, 88, 88, 88, 88, 88, 88, 88, 88, 88, 88, 88, 88, 88, 88, 88, 88, 88, 88, 88, 88, 88, 88, 88, 88, 88, 88, 88, 88, 88, 88, 88, 88, 88, 88, 88, 88, 88, 88, 88, 88, 88, 88, 88, 88, 88, 88, 88, 88, 88, 88, 88, 88, 88 | 15 ms
90 : 0.05 : 203 | 10, 84, 90 | 0 ms
90 : 0.05 : 188 | 10, 84, 90 | 0 ms
90 : 0.05 : 195 | 10, 79, 88, 88, 88, 88, 88, 88, 88, 88, 88, 88, 88, 88, 88, 88, 88, 88, 88, 88, 88, 88, 88, 88, 88, 88, 88, 88, 88, 88, 88, 88, 88, 88, 88, 88, 88, 88, 88, 88, 88, 88, 88, 88, 88, 88, 88, 88, 88, 88, 88, 88, 88, 88, 88, 88, 88, 88, 88, 88, 88, 88, 88, 88, 88, 88, 88, 88, 88, 88, 88, 88, 88, 88, 88, 88, 88, 88, 88, 88, 88, 88, 88, 88, 88, 88, 88, 88, 88, 88 | 23 ms
90 : 0.1 : 439 | 14, 90 | 0 ms
90 : 0.1 : 404 | 12, 90 | 0 ms
90 : 0.1 : 401 | 14, 90 | 0 ms
90 : 0.1 : 407 | 14, 90 | 0 ms
90 : 0.1 : 399 | 15, 90 | 0 ms
90 : 0.1 : 438 | 14, 90 | 0 ms
90 : 0.1 : 405 | 14, 90 | 0 ms
90 : 0.1 : 411 | 14, 90 | 0 ms
90 : 0.2 : 818 | 16, 90 | 0 ms
90 : 0.2 : 844 | 18, 90 | 0 ms
90 : 0.2 : 779 | 16, 90 | 0 ms
90 : 0.2 : 796 | 17, 90 | 0 ms
90 : 0.2 : 814 | 21, 90 | 0 ms
90 : 0.2 : 794 | 16, 90 | 0 ms
90 : 0.2 : 761 | 18, 90 | 0 ms
90 : 0.2 : 865 | 17, 90 | 0 ms
90 : 0.3 : 1256 | 20, 90 | 0 ms
90 : 0.3 : 1239 | 22, 90 | 0 ms
90 : 0.3 : 1207 | 19, 90 | 1 ms
90 : 0.3 : 1220 | 16, 90 | 0 ms
90 : 0.3 : 1231 | 20, 90 | 0 ms
90 : 0.3 : 1203 | 16, 90 | 0 ms
90 : 0.3 : 1208 | 19, 90 | 0 ms
90 : 0.3 : 1241 | 20, 90 | 0 ms
90 : 0.4 : 1663 | 22, 90 | 1 ms
90 : 0.4 : 1642 | 21, 90 | 1 ms
90 : 0.4 : 1578 | 22, 90 | 1 ms
90 : 0.4 : 1615 | 21, 90 | 1 ms
90 : 0.4 : 1565 | 21, 90 | 1 ms
90 : 0.4 : 1572 | 21, 90 | 1 ms
90 : 0.4 : 1632 | 21, 90 | 1 ms
90 : 0.4 : 1630 | 20, 90 | 1 ms
90 : 0.5 : 1981 | 19, 90 | 1 ms
90 : 0.5 : 2020 | 21, 90 | 1 ms
90 : 0.5 : 2019 | 21, 90 | 1 ms
90 : 0.5 : 1993 | 20, 90 | 1 ms
90 : 0.5 : 1964 | 21, 90 | 1 ms
90 : 0.5 : 2007 | 22, 90 | 1 ms
90 : 0.5 : 2007 | 24, 90 | 1 ms
90 : 0.5 : 1962 | 21, 90 | 1 ms
90 : 0.6 : 2422 | 21, 90 | 1 ms
90 : 0.6 : 2418 | 22, 90 | 1 ms
90 : 0.6 : 2429 | 21, 90 | 1 ms
90 : 0.6 : 2468 | 22, 90 | 1 ms
90 : 0.6 : 2418 | 18, 90 | 1 ms
90 : 0.6 : 2437 | 22, 90 | 1 ms
90 : 0.6 : 2427 | 23, 90 | 1 ms
90 : 0.6 : 2458 | 20, 90 | 1 ms
90 : 0.7 : 2811 | 16, 90 | 2 ms
90 : 0.7 : 2849 | 19, 90 | 3 ms
90 : 0.7 : 2816 | 19, 90 | 4 ms
90 : 0.7 : 2818 | 18, 90 | 3 ms
90 : 0.7 : 2849 | 20, 90 | 2 ms
90 : 0.7 : 2811 | 22, 90 | 2 ms
90 : 0.7 : 2829 | 21, 90 | 5 ms
90 : 0.7 : 2832 | 19, 90 | 2 ms
90 : 0.8 : 3230 | 18, 90 | 2 ms
90 : 0.8 : 3216 | 19, 90 | 3 ms
90 : 0.8 : 3178 | 19, 90 | 2 ms
90 : 0.8 : 3204 | 16, 90 | 2 ms
90 : 0.8 : 3238 | 17, 90 | 2 ms
90 : 0.8 : 3245 | 19, 90 | 2 ms
90 : 0.8 : 3243 | 17, 90 | 2 ms
90 : 0.8 : 3209 | 15, 90 | 2 ms
90 : 0.9 : 3587 | 13, 90 | 2 ms
90 : 0.9 : 3603 | 13, 90 | 2 ms
90 : 0.9 : 3569 | 14, 90 | 2 ms
90 : 0.9 : 3608 | 13, 90 | 2 ms
90 : 0.9 : 3646 | 11, 90 | 3 ms
90 : 0.9 : 3594 | 15, 90 | 2 ms
90 : 0.9 : 3612 | 12, 90 | 3 ms
90 : 0.9 : 3618 | 15, 90 | 3 ms

100 : 0.05 : 266 | 11, 99, 100 | 0 ms
100 : 0.05 : 234 | 11, 96, 100 | 0 ms
100 : 0.05 : 280 | 11, 95, 100 | 0 ms
100 : 0.05 : 255 | 12, 96, 99, 99, 99, 99, 99, 99, 99, 99, 99, 99, 99, 99, 99, 99, 99, 99, 99, 99, 99, 99, 99, 99, 99, 99, 99, 99, 99, 99, 99, 99, 99, 99, 99, 99, 99, 99, 99, 99, 99, 99, 99, 99, 99, 99, 99, 99, 99, 99, 99, 99, 99, 99, 99, 99, 99, 99, 99, 99, 99, 99, 99, 99, 99, 99, 99, 99, 99, 99, 99, 99, 99, 99, 99, 99, 99, 99, 99, 99, 99, 99, 99, 99, 99, 99, 99, 99, 99, 99, 99, 99, 99, 99, 99, 99, 99, 99, 99, 99 | 22 ms
100 : 0.05 : 254 | 11, 97, 100 | 0 ms
100 : 0.05 : 271 | 10, 97, 100 | 0 ms
100 : 0.05 : 293 | 11, 100 | 0 ms
100 : 0.05 : 238 | 10, 94, 99, 100 | 0 ms
100 : 0.1 : 530 | 12, 100 | 0 ms
100 : 0.1 : 513 | 15, 100 | 0 ms
100 : 0.1 : 512 | 14, 100 | 0 ms
100 : 0.1 : 497 | 13, 99, 100 | 0 ms
100 : 0.1 : 483 | 16, 100 | 0 ms
100 : 0.1 : 468 | 16, 100 | 0 ms
100 : 0.1 : 504 | 15, 100 | 0 ms
100 : 0.1 : 515 | 13, 100 | 0 ms
100 : 0.2 : 1059 | 18, 100 | 0 ms
100 : 0.2 : 1008 | 15, 100 | 0 ms
100 : 0.2 : 1001 | 20, 100 | 0 ms
100 : 0.2 : 1019 | 18, 100 | 0 ms
100 : 0.2 : 980 | 21, 100 | 0 ms
100 : 0.2 : 985 | 21, 100 | 0 ms
100 : 0.2 : 948 | 16, 100 | 1 ms
100 : 0.2 : 1013 | 17, 100 | 0 ms
100 : 0.3 : 1569 | 22, 100 | 1 ms
100 : 0.3 : 1467 | 18, 100 | 1 ms
100 : 0.3 : 1514 | 22, 100 | 1 ms
100 : 0.3 : 1509 | 19, 100 | 1 ms
100 : 0.3 : 1457 | 23, 100 | 1 ms
100 : 0.3 : 1511 | 22, 100 | 1 ms
100 : 0.3 : 1487 | 22, 100 | 1 ms
100 : 0.3 : 1497 | 22, 100 | 3 ms
100 : 0.4 : 1968 | 18, 100 | 2 ms
100 : 0.4 : 1961 | 20, 100 | 3 ms
100 : 0.4 : 1946 | 23, 100 | 2 ms
100 : 0.4 : 1960 | 21, 100 | 1 ms
100 : 0.4 : 1959 | 23, 100 | 1 ms
100 : 0.4 : 2009 | 22, 100 | 1 ms
100 : 0.4 : 1974 | 21, 100 | 1 ms
100 : 0.4 : 2008 | 23, 100 | 1 ms
100 : 0.5 : 2481 | 23, 100 | 1 ms
100 : 0.5 : 2465 | 23, 100 | 2 ms
100 : 0.5 : 2514 | 24, 100 | 2 ms
100 : 0.5 : 2452 | 20, 100 | 2 ms
100 : 0.5 : 2531 | 23, 100 | 2 ms
100 : 0.5 : 2520 | 20, 100 | 2 ms
100 : 0.5 : 2523 | 23, 100 | 1 ms
100 : 0.5 : 2487 | 20, 100 | 2 ms
100 : 0.6 : 2946 | 22, 100 | 2 ms
100 : 0.6 : 2918 | 20, 100 | 2 ms
100 : 0.6 : 2947 | 22, 100 | 2 ms
100 : 0.6 : 3020 | 20, 100 | 2 ms
100 : 0.6 : 2973 | 23, 100 | 2 ms
100 : 0.6 : 2969 | 19, 100 | 2 ms
100 : 0.6 : 3004 | 24, 100 | 2 ms
100 : 0.6 : 3024 | 23, 100 | 2 ms
100 : 0.7 : 3503 | 21, 100 | 3 ms
100 : 0.7 : 3512 | 18, 100 | 2 ms
100 : 0.7 : 3445 | 21, 100 | 2 ms
100 : 0.7 : 3455 | 20, 100 | 2 ms
100 : 0.7 : 3467 | 23, 100 | 2 ms
100 : 0.7 : 3491 | 19, 100 | 5 ms
100 : 0.7 : 3491 | 19, 100 | 4 ms
100 : 0.7 : 3412 | 21, 100 | 4 ms
100 : 0.8 : 4017 | 17, 100 | 4 ms
100 : 0.8 : 4005 | 21, 100 | 3 ms
100 : 0.8 : 4007 | 19, 100 | 3 ms
100 : 0.8 : 3986 | 17, 100 | 3 ms
100 : 0.8 : 4017 | 18, 100 | 3 ms
100 : 0.8 : 4034 | 17, 100 | 3 ms
100 : 0.8 : 3989 | 18, 100 | 3 ms
100 : 0.8 : 3992 | 21, 100 | 3 ms
100 : 0.9 : 4462 | 15, 100 | 3 ms
100 : 0.9 : 4477 | 16, 100 | 3 ms
100 : 0.9 : 4461 | 13, 100 | 3 ms
100 : 0.9 : 4435 | 16, 100 | 3 ms
100 : 0.9 : 4480 | 15, 100 | 3 ms
100 : 0.9 : 4468 | 14, 100 | 3 ms
100 : 0.9 : 4472 | 14, 100 | 3 ms
100 : 0.9 : 4478 | 12, 99, 100 | 7 ms

150 : 0.05 : 544 | 13, 150 | 0 ms
150 : 0.05 : 524 | 15, 149, 150 | 0 ms
150 : 0.05 : 535 | 15, 150 | 0 ms
150 : 0.05 : 578 | 14, 150 | 0 ms
150 : 0.05 : 606 | 16, 150 | 0 ms
150 : 0.05 : 567 | 12, 150 | 0 ms
150 : 0.05 : 609 | 14, 150 | 0 ms
150 : 0.05 : 564 | 13, 149, 150 | 1 ms
150 : 0.1 : 1151 | 19, 150 | 1 ms
150 : 0.1 : 1099 | 19, 150 | 0 ms
150 : 0.1 : 1110 | 19, 150 | 1 ms
150 : 0.1 : 1124 | 20, 150 | 0 ms
150 : 0.1 : 1164 | 21, 150 | 0 ms
150 : 0.1 : 1151 | 19, 150 | 1 ms
150 : 0.1 : 1128 | 17, 150 | 0 ms
150 : 0.1 : 1128 | 20, 150 | 1 ms
150 : 0.2 : 2298 | 24, 150 | 2 ms
150 : 0.2 : 2246 | 24, 150 | 3 ms
150 : 0.2 : 2214 | 23, 150 | 2 ms
150 : 0.2 : 2231 | 23, 150 | 1 ms
150 : 0.2 : 2272 | 23, 150 | 1 ms
150 : 0.2 : 2236 | 23, 150 | 1 ms
150 : 0.2 : 2248 | 22, 150 | 1 ms
150 : 0.2 : 2293 | 22, 150 | 1 ms
150 : 0.3 : 3379 | 27, 150 | 2 ms
150 : 0.3 : 3457 | 28, 150 | 2 ms
150 : 0.3 : 3432 | 27, 150 | 2 ms
150 : 0.3 : 3448 | 27, 150 | 2 ms
150 : 0.3 : 3423 | 24, 150 | 2 ms
150 : 0.3 : 3271 | 28, 150 | 2 ms
150 : 0.3 : 3456 | 24, 150 | 2 ms
150 : 0.3 : 3376 | 28, 150 | 2 ms
150 : 0.4 : 4561 | 28, 150 | 3 ms
150 : 0.4 : 4523 | 28, 150 | 3 ms
150 : 0.4 : 4459 | 26, 150 | 3 ms
150 : 0.4 : 4470 | 29, 150 | 3 ms
150 : 0.4 : 4448 | 26, 150 | 3 ms
150 : 0.4 : 4518 | 30, 150 | 3 ms
150 : 0.4 : 4557 | 24, 150 | 3 ms
150 : 0.4 : 4504 | 29, 150 | 3 ms
150 : 0.5 : 5640 | 28, 150 | 4 ms
150 : 0.5 : 5670 | 26, 150 | 5 ms
150 : 0.5 : 5651 | 28, 150 | 5 ms
150 : 0.5 : 5559 | 28, 150 | 4 ms
150 : 0.5 : 5626 | 31, 150 | 4 ms
150 : 0.5 : 5571 | 26, 150 | 4 ms
150 : 0.5 : 5659 | 25, 150 | 4 ms
150 : 0.5 : 5632 | 28, 150 | 4 ms
150 : 0.6 : 6779 | 28, 150 | 5 ms
150 : 0.6 : 6788 | 27, 150 | 5 ms
150 : 0.6 : 6735 | 29, 150 | 5 ms
150 : 0.6 : 6761 | 28, 150 | 5 ms
150 : 0.6 : 6751 | 27, 150 | 5 ms
150 : 0.6 : 6811 | 29, 150 | 5 ms
150 : 0.6 : 6697 | 26, 150 | 6 ms
150 : 0.6 : 6769 | 27, 150 | 6 ms
150 : 0.7 : 7793 | 26, 150 | 6 ms
150 : 0.7 : 7799 | 27, 150 | 7 ms
150 : 0.7 : 7844 | 27, 150 | 6 ms
150 : 0.7 : 7964 | 27, 150 | 8 ms
150 : 0.7 : 7917 | 29, 150 | 9 ms
150 : 0.7 : 7802 | 28, 150 | 7 ms
150 : 0.7 : 7909 | 27, 150 | 7 ms
150 : 0.7 : 7923 | 27, 150 | 7 ms
150 : 0.8 : 8962 | 22, 150 | 8 ms
150 : 0.8 : 9032 | 26, 150 | 9 ms
150 : 0.8 : 9016 | 25, 150 | 9 ms
150 : 0.8 : 9035 | 22, 150 | 13 ms
150 : 0.8 : 8944 | 23, 150 | 7 ms
150 : 0.8 : 9052 | 23, 150 | 8 ms
150 : 0.8 : 8999 | 25, 150 | 8 ms
150 : 0.8 : 9017 | 23, 150 | 8 ms
150 : 0.9 : 10083 | 18, 150 | 8 ms
150 : 0.9 : 10096 | 18, 150 | 8 ms
150 : 0.9 : 10031 | 20, 150 | 11 ms
150 : 0.9 : 10041 | 16, 150 | 8 ms
150 : 0.9 : 10024 | 19, 150 | 9 ms
150 : 0.9 : 10091 | 20, 150 | 8 ms
150 : 0.9 : 10075 | 17, 150 | 9 ms
150 : 0.9 : 10109 | 20, 150 | 9 ms

200 : 0.05 : 1023 | 16, 200 | 1 ms
200 : 0.05 : 952 | 17, 200 | 0 ms
200 : 0.05 : 943 | 15, 200 | 0 ms
200 : 0.05 : 912 | 15, 200 | 0 ms
200 : 0.05 : 989 | 18, 200 | 1 ms
200 : 0.05 : 944 | 18, 200 | 0 ms
200 : 0.05 : 1061 | 17, 200 | 0 ms
200 : 0.05 : 967 | 16, 200 | 0 ms
200 : 0.1 : 1957 | 21, 200 | 1 ms
200 : 0.1 : 2061 | 23, 200 | 1 ms
200 : 0.1 : 1983 | 20, 200 | 2 ms
200 : 0.1 : 1971 | 24, 200 | 1 ms
200 : 0.1 : 2035 | 21, 200 | 1 ms
200 : 0.1 : 1958 | 22, 200 | 1 ms
200 : 0.1 : 2074 | 24, 200 | 1 ms
200 : 0.1 : 2046 | 22, 200 | 2 ms
200 : 0.2 : 4023 | 26, 200 | 5 ms
200 : 0.2 : 4059 | 26, 200 | 4 ms
200 : 0.2 : 3902 | 27, 200 | 3 ms
200 : 0.2 : 3952 | 31, 200 | 3 ms
200 : 0.2 : 3961 | 28, 200 | 3 ms
200 : 0.2 : 4017 | 28, 200 | 3 ms
200 : 0.2 : 3975 | 28, 200 | 3 ms
200 : 0.2 : 3956 | 30, 200 | 3 ms
200 : 0.3 : 5957 | 34, 200 | 4 ms
200 : 0.3 : 5817 | 32, 200 | 4 ms
200 : 0.3 : 5950 | 29, 200 | 4 ms
200 : 0.3 : 5953 | 31, 200 | 4 ms
200 : 0.3 : 6042 | 30, 200 | 4 ms
200 : 0.3 : 6007 | 32, 200 | 4 ms
200 : 0.3 : 5937 | 31, 200 | 4 ms
200 : 0.3 : 6043 | 31, 200 | 4 ms
200 : 0.4 : 7960 | 29, 200 | 6 ms
200 : 0.4 : 7967 | 35, 200 | 9 ms
200 : 0.4 : 7969 | 34, 200 | 6 ms
200 : 0.4 : 8055 | 30, 200 | 6 ms
200 : 0.4 : 7911 | 38, 200 | 6 ms
200 : 0.4 : 7985 | 36, 200 | 6 ms
200 : 0.4 : 7984 | 31, 200 | 6 ms
200 : 0.4 : 8066 | 33, 200 | 6 ms
200 : 0.5 : 10009 | 34, 200 | 8 ms
200 : 0.5 : 9961 | 35, 200 | 8 ms
200 : 0.5 : 10026 | 31, 200 | 9 ms
200 : 0.5 : 10229 | 33, 200 | 9 ms
200 : 0.5 : 10071 | 32, 200 | 8 ms
200 : 0.5 : 9892 | 33, 200 | 8 ms
200 : 0.5 : 9983 | 34, 200 | 9 ms
200 : 0.5 : 9995 | 32, 200 | 9 ms
200 : 0.6 : 11943 | 34, 200 | 10 ms
200 : 0.6 : 11963 | 34, 200 | 10 ms
200 : 0.6 : 12150 | 33, 200 | 12 ms
200 : 0.6 : 11964 | 33, 200 | 9 ms
200 : 0.6 : 12057 | 35, 200 | 10 ms
200 : 0.6 : 11965 | 31, 200 | 10 ms
200 : 0.6 : 12056 | 32, 200 | 10 ms
200 : 0.6 : 12001 | 34, 200 | 9 ms
200 : 0.7 : 13947 | 31, 200 | 11 ms
200 : 0.7 : 14113 | 27, 200 | 13 ms
200 : 0.7 : 13930 | 32, 200 | 13 ms
200 : 0.7 : 13972 | 27, 200 | 14 ms
200 : 0.7 : 13954 | 31, 200 | 14 ms
200 : 0.7 : 14075 | 30, 200 | 15 ms
200 : 0.7 : 13945 | 31, 200 | 13 ms
200 : 0.7 : 14121 | 29, 200 | 13 ms
200 : 0.8 : 16000 | 26, 200 | 14 ms
200 : 0.8 : 15948 | 31, 200 | 15 ms
200 : 0.8 : 15997 | 27, 200 | 16 ms
200 : 0.8 : 16057 | 28, 200 | 15 ms
200 : 0.8 : 15958 | 30, 200 | 14 ms
200 : 0.8 : 15990 | 27, 200 | 16 ms
200 : 0.8 : 15972 | 28, 200 | 14 ms
200 : 0.8 : 15931 | 26, 200 | 22 ms
200 : 0.9 : 17908 | 21, 200 | 24 ms
200 : 0.9 : 17929 | 24, 200 | 20 ms
200 : 0.9 : 17896 | 21, 200 | 19 ms
200 : 0.9 : 17960 | 20, 200 | 18 ms
200 : 0.9 : 17948 | 22, 200 | 17 ms
200 : 0.9 : 17926 | 21, 200 | 16 ms
200 : 0.9 : 17975 | 20, 200 | 17 ms
200 : 0.9 : 17933 | 22, 200 | 18 ms

250 : 0.05 : 1586 | 19, 250 | 1 ms
250 : 0.05 : 1638 | 19, 250 | 1 ms
250 : 0.05 : 1605 | 20, 250 | 1 ms
250 : 0.05 : 1538 | 18, 250 | 1 ms
250 : 0.05 : 1563 | 19, 250 | 1 ms
250 : 0.05 : 1616 | 19, 250 | 1 ms
250 : 0.05 : 1587 | 21, 250 | 1 ms
250 : 0.05 : 1623 | 20, 250 | 1 ms
250 : 0.1 : 3143 | 24, 250 | 2 ms
250 : 0.1 : 3177 | 27, 250 | 2 ms
250 : 0.1 : 3114 | 24, 250 | 2 ms
250 : 0.1 : 3141 | 24, 250 | 3 ms
250 : 0.1 : 3037 | 24, 250 | 2 ms
250 : 0.1 : 3148 | 26, 250 | 4 ms
250 : 0.1 : 3104 | 24, 250 | 5 ms
250 : 0.1 : 3177 | 26, 250 | 6 ms
250 : 0.2 : 6159 | 33, 250 | 10 ms
250 : 0.2 : 6220 | 33, 250 | 12 ms
250 : 0.2 : 6278 | 28, 250 | 15 ms
250 : 0.2 : 6264 | 33, 250 | 16 ms
250 : 0.2 : 6310 | 30, 250 | 14 ms
250 : 0.2 : 6184 | 33, 250 | 7 ms
250 : 0.2 : 6298 | 32, 250 | 8 ms
250 : 0.2 : 6246 | 32, 250 | 5 ms
250 : 0.3 : 9413 | 33, 250 | 10 ms
250 : 0.3 : 9502 | 37, 250 | 14 ms
250 : 0.3 : 9485 | 35, 250 | 11 ms
250 : 0.3 : 9433 | 33, 250 | 10 ms
250 : 0.3 : 9450 | 34, 250 | 11 ms
250 : 0.3 : 9402 | 36, 250 | 8 ms
250 : 0.3 : 9320 | 37, 250 | 7 ms
250 : 0.3 : 9520 | 36, 250 | 11 ms
250 : 0.4 : 12663 | 42, 250 | 15 ms
250 : 0.4 : 12517 | 37, 250 | 14 ms
250 : 0.4 : 12582 | 36, 250 | 17 ms
250 : 0.4 : 12524 | 40, 250 | 11 ms
250 : 0.4 : 12409 | 39, 250 | 14 ms
250 : 0.4 : 12501 | 37, 250 | 16 ms
250 : 0.4 : 12519 | 40, 250 | 15 ms
250 : 0.4 : 12394 | 39, 250 | 15 ms
250 : 0.5 : 15696 | 39, 250 | 17 ms
250 : 0.5 : 15776 | 38, 250 | 26 ms
250 : 0.5 : 15647 | 41, 250 | 18 ms
250 : 0.5 : 15744 | 40, 250 | 17 ms
250 : 0.5 : 15687 | 37, 250 | 15 ms
250 : 0.5 : 15645 | 37, 250 | 17 ms
250 : 0.5 : 15693 | 36, 250 | 14 ms
250 : 0.5 : 15603 | 40, 250 | 15 ms
250 : 0.6 : 18780 | 38, 250 | 17 ms
250 : 0.6 : 18872 | 37, 250 | 19 ms
250 : 0.6 : 18800 | 37, 250 | 17 ms
250 : 0.6 : 18574 | 40, 250 | 17 ms
250 : 0.6 : 18684 | 37, 250 | 17 ms
250 : 0.6 : 18927 | 37, 250 | 17 ms
250 : 0.6 : 18864 | 38, 250 | 17 ms
250 : 0.6 : 18864 | 40, 250 | 17 ms
250 : 0.7 : 21952 | 37, 250 | 24 ms
250 : 0.7 : 22042 | 36, 250 | 23 ms
250 : 0.7 : 22001 | 35, 250 | 20 ms
250 : 0.7 : 21836 | 38, 250 | 21 ms
250 : 0.7 : 21918 | 34, 250 | 21 ms
250 : 0.7 : 21917 | 38, 250 | 29 ms
250 : 0.7 : 21995 | 40, 250 | 21 ms
250 : 0.7 : 21900 | 34, 250 | 19 ms
250 : 0.8 : 25104 | 33, 250 | 21 ms
250 : 0.8 : 25132 | 33, 250 | 25 ms
250 : 0.8 : 25183 | 33, 250 | 22 ms
250 : 0.8 : 25061 | 35, 250 | 22 ms
250 : 0.8 : 25054 | 33, 250 | 23 ms
250 : 0.8 : 25084 | 32, 250 | 22 ms
250 : 0.8 : 25096 | 28, 250 | 24 ms
250 : 0.8 : 25057 | 30, 250 | 22 ms
250 : 0.9 : 28067 | 26, 250 | 25 ms
250 : 0.9 : 28168 | 24, 250 | 70 ms
250 : 0.9 : 28072 | 26, 250 | 26 ms
250 : 0.9 : 28165 | 29, 250 | 30 ms
250 : 0.9 : 28113 | 25, 250 | 25 ms
250 : 0.9 : 27979 | 24, 250 | 27 ms
250 : 0.9 : 28103 | 27, 250 | 24 ms
250 : 0.9 : 28235 | 27, 250 | 25 ms

300 : 0.05 : 2293 | 21, 300 | 1 ms
300 : 0.05 : 2285 | 22, 300 | 1 ms
300 : 0.05 : 2244 | 21, 300 | 1 ms
300 : 0.05 : 2252 | 20, 300 | 1 ms
300 : 0.05 : 2150 | 19, 300 | 2 ms
300 : 0.05 : 2186 | 20, 300 | 1 ms
300 : 0.05 : 2229 | 22, 300 | 1 ms
300 : 0.05 : 2310 | 24, 300 | 1 ms
300 : 0.1 : 4520 | 27, 300 | 3 ms
300 : 0.1 : 4484 | 30, 300 | 3 ms
300 : 0.1 : 4413 | 27, 300 | 3 ms
300 : 0.1 : 4599 | 29, 300 | 3 ms
300 : 0.1 : 4436 | 27, 300 | 3 ms
300 : 0.1 : 4525 | 28, 300 | 3 ms
300 : 0.1 : 4478 | 25, 300 | 3 ms
300 : 0.1 : 4719 | 30, 300 | 5 ms
300 : 0.2 : 8969 | 38, 300 | 7 ms
300 : 0.2 : 9105 | 36, 300 | 8 ms
300 : 0.2 : 9033 | 35, 300 | 7 ms
300 : 0.2 : 8924 | 35, 300 | 7 ms
300 : 0.2 : 9055 | 37, 300 | 7 ms
300 : 0.2 : 9116 | 36, 300 | 7 ms
300 : 0.2 : 9075 | 37, 300 | 7 ms
300 : 0.2 : 9086 | 34, 300 | 7 ms
300 : 0.3 : 13570 | 41, 300 | 13 ms
300 : 0.3 : 13448 | 38, 300 | 11 ms
300 : 0.3 : 13466 | 39, 300 | 11 ms
300 : 0.3 : 13388 | 38, 300 | 11 ms
300 : 0.3 : 13453 | 38, 300 | 11 ms
300 : 0.3 : 13477 | 39, 300 | 14 ms
300 : 0.3 : 13553 | 40, 300 | 11 ms
300 : 0.3 : 13455 | 36, 300 | 12 ms
300 : 0.4 : 18019 | 44, 300 | 15 ms
300 : 0.4 : 17990 | 43, 300 | 14 ms
300 : 0.4 : 18147 | 44, 300 | 16 ms
300 : 0.4 : 18138 | 39, 300 | 15 ms
300 : 0.4 : 18155 | 47, 300 | 16 ms
300 : 0.4 : 17966 | 41, 300 | 15 ms
300 : 0.4 : 18171 | 45, 300 | 15 ms
300 : 0.4 : 18026 | 45, 300 | 24 ms
300 : 0.5 : 22600 | 45, 300 | 26 ms
300 : 0.5 : 22679 | 39, 300 | 19 ms
300 : 0.5 : 22762 | 46, 300 | 20 ms
300 : 0.5 : 22398 | 45, 300 | 20 ms
300 : 0.5 : 22678 | 42, 300 | 22 ms
300 : 0.5 : 22396 | 42, 300 | 24 ms
300 : 0.5 : 22656 | 42, 300 | 24 ms
300 : 0.5 : 22503 | 42, 300 | 19 ms
300 : 0.6 : 26994 | 42, 300 | 28 ms
300 : 0.6 : 27212 | 42, 300 | 36 ms
300 : 0.6 : 27000 | 41, 300 | 26 ms
300 : 0.6 : 27122 | 44, 300 | 39 ms
300 : 0.6 : 27194 | 44, 300 | 26 ms
300 : 0.6 : 27091 | 37, 300 | 26 ms
300 : 0.6 : 27206 | 39, 300 | 25 ms
300 : 0.6 : 26983 | 42, 300 | 25 ms
300 : 0.7 : 31643 | 39, 300 | 30 ms
300 : 0.7 : 31544 | 44, 300 | 30 ms
300 : 0.7 : 31587 | 39, 300 | 39 ms
300 : 0.7 : 31717 | 38, 300 | 30 ms
300 : 0.7 : 31823 | 42, 300 | 29 ms
300 : 0.7 : 31587 | 37, 300 | 32 ms
300 : 0.7 : 31646 | 40, 300 | 30 ms
300 : 0.7 : 31745 | 38, 300 | 85 ms
300 : 0.8 : 36127 | 34, 300 | 44 ms
300 : 0.8 : 36080 | 30, 300 | 32 ms
300 : 0.8 : 36045 | 39, 300 | 34 ms
300 : 0.8 : 35995 | 37, 300 | 32 ms
300 : 0.8 : 35987 | 34, 300 | 32 ms
300 : 0.8 : 36003 | 35, 300 | 34 ms
300 : 0.8 : 36041 | 37, 300 | 33 ms
300 : 0.8 : 36135 | 35, 300 | 32 ms
300 : 0.9 : 40380 | 28, 300 | 114 ms
300 : 0.9 : 40408 | 26, 300 | 48 ms
300 : 0.9 : 40496 | 27, 300 | 38 ms
300 : 0.9 : 40523 | 29, 300 | 45 ms
300 : 0.9 : 40441 | 27, 300 | 40 ms
300 : 0.9 : 40467 | 30, 300 | 39 ms
300 : 0.9 : 40497 | 28, 300 | 43 ms
300 : 0.9 : 40414 | 29, 300 | 39 ms

400 : 0.05 : 4035 | 28, 400 | 3 ms
400 : 0.05 : 4033 | 24, 400 | 3 ms
400 : 0.05 : 3983 | 26, 400 | 3 ms
400 : 0.05 : 3904 | 25, 400 | 3 ms
400 : 0.05 : 3934 | 25, 400 | 3 ms
400 : 0.05 : 3975 | 24, 400 | 4 ms
400 : 0.05 : 4066 | 25, 400 | 3 ms
400 : 0.05 : 4015 | 25, 400 | 3 ms
400 : 0.1 : 8215 | 37, 400 | 7 ms
400 : 0.1 : 8060 | 31, 400 | 7 ms
400 : 0.1 : 8148 | 36, 400 | 10 ms
400 : 0.1 : 8062 | 33, 400 | 12 ms
400 : 0.1 : 8001 | 32, 400 | 13 ms
400 : 0.1 : 8133 | 33, 400 | 12 ms
400 : 0.1 : 8185 | 33, 400 | 13 ms
400 : 0.1 : 8008 | 33, 400 | 6 ms
400 : 0.2 : 16073 | 43, 400 | 16 ms
400 : 0.2 : 16188 | 43, 400 | 16 ms
400 : 0.2 : 16143 | 43, 400 | 18 ms
400 : 0.2 : 16012 | 48, 400 | 14 ms
400 : 0.2 : 16278 | 39, 400 | 16 ms
400 : 0.2 : 16152 | 48, 400 | 14 ms
400 : 0.2 : 16033 | 46, 400 | 14 ms
400 : 0.2 : 16036 | 43, 400 | 15 ms
400 : 0.3 : 24127 | 51, 400 | 23 ms
400 : 0.3 : 23925 | 47, 400 | 22 ms
400 : 0.3 : 24115 | 52, 400 | 27 ms
400 : 0.3 : 23970 | 52, 400 | 22 ms
400 : 0.3 : 24067 | 51, 400 | 22 ms
400 : 0.3 : 23978 | 47, 400 | 28 ms
400 : 0.3 : 24060 | 46, 400 | 21 ms
400 : 0.3 : 23961 | 49, 400 | 25 ms
400 : 0.4 : 32299 | 46, 400 | 46 ms
400 : 0.4 : 32156 | 49, 400 | 71 ms
400 : 0.4 : 32250 | 49, 400 | 33 ms
400 : 0.4 : 32041 | 50, 400 | 41 ms
400 : 0.4 : 32074 | 47, 400 | 119 ms
400 : 0.4 : 32236 | 50, 400 | 49 ms
400 : 0.4 : 32161 | 51, 400 | 39 ms
400 : 0.4 : 32189 | 48, 400 | 34 ms
400 : 0.5 : 40312 | 46, 400 | 42 ms
400 : 0.5 : 40361 | 48, 400 | 53 ms
400 : 0.5 : 40124 | 51, 400 | 49 ms
400 : 0.5 : 40311 | 48, 400 | 41 ms
400 : 0.5 : 40166 | 53, 400 | 48 ms
400 : 0.5 : 40508 | 52, 400 | 47 ms
400 : 0.5 : 40211 | 53, 400 | 39 ms
400 : 0.5 : 40321 | 48, 400 | 45 ms
400 : 0.6 : 48374 | 54, 400 | 49 ms
400 : 0.6 : 48313 | 48, 400 | 48 ms
400 : 0.6 : 48071 | 49, 400 | 48 ms
400 : 0.6 : 48069 | 46, 400 | 57 ms
400 : 0.6 : 48364 | 50, 400 | 46 ms
400 : 0.6 : 48139 | 49, 400 | 44 ms
400 : 0.6 : 48302 | 48, 400 | 44 ms
400 : 0.6 : 48082 | 49, 400 | 47 ms
400 : 0.7 : 56008 | 46, 400 | 50 ms
400 : 0.7 : 56222 | 45, 400 | 51 ms
400 : 0.7 : 56303 | 46, 400 | 51 ms
400 : 0.7 : 56579 | 52, 400 | 57 ms
400 : 0.7 : 56153 | 48, 400 | 60 ms
400 : 0.7 : 56205 | 51, 400 | 54 ms
400 : 0.7 : 56482 | 48, 400 | 57 ms
400 : 0.7 : 56133 | 48, 400 | 55 ms
400 : 0.8 : 64371 | 45, 400 | 70 ms
400 : 0.8 : 64064 | 42, 400 | 66 ms
400 : 0.8 : 64115 | 44, 400 | 65 ms
400 : 0.8 : 64224 | 39, 400 | 69 ms
400 : 0.8 : 64363 | 41, 400 | 71 ms
400 : 0.8 : 64206 | 44, 400 | 66 ms
400 : 0.8 : 64296 | 41, 400 | 66 ms
400 : 0.8 : 64193 | 41, 400 | 62 ms
400 : 0.9 : 72156 | 34, 400 | 77 ms
400 : 0.9 : 71983 | 33, 400 | 78 ms
400 : 0.9 : 71999 | 32, 400 | 74 ms
400 : 0.9 : 72026 | 29, 400 | 69 ms
400 : 0.9 : 72009 | 33, 400 | 67 ms
400 : 0.9 : 72082 | 33, 400 | 67 ms
400 : 0.9 : 71955 | 34, 400 | 67 ms
400 : 0.9 : 71998 | 31, 400 | 67 ms

500 : 0.05 : 6099 | 30, 500 | 9 ms
500 : 0.05 : 6403 | 27, 500 | 5 ms
500 : 0.05 : 6240 | 31, 500 | 5 ms
500 : 0.05 : 6221 | 31, 500 | 5 ms
500 : 0.05 : 6178 | 29, 500 | 4 ms
500 : 0.05 : 6137 | 29, 500 | 5 ms
500 : 0.05 : 6335 | 28, 500 | 5 ms
500 : 0.05 : 6287 | 31, 500 | 5 ms
500 : 0.1 : 12404 | 37, 500 | 11 ms
500 : 0.1 : 12607 | 38, 500 | 28 ms
500 : 0.1 : 12651 | 36, 500 | 76 ms
500 : 0.1 : 12348 | 40, 500 | 31 ms
500 : 0.1 : 12680 | 36, 500 | 23 ms
500 : 0.1 : 12309 | 37, 500 | 10 ms
500 : 0.1 : 12607 | 36, 500 | 11 ms
500 : 0.1 : 12526 | 39, 500 | 10 ms
500 : 0.2 : 24987 | 50, 500 | 24 ms
500 : 0.2 : 25209 | 45, 500 | 21 ms
500 : 0.2 : 24927 | 44, 500 | 21 ms
500 : 0.2 : 25373 | 51, 500 | 25 ms
500 : 0.2 : 25090 | 47, 500 | 21 ms
500 : 0.2 : 25077 | 45, 500 | 21 ms
500 : 0.2 : 25129 | 44, 500 | 30 ms
500 : 0.2 : 25093 | 47, 500 | 21 ms
500 : 0.3 : 37703 | 55, 500 | 34 ms
500 : 0.3 : 37868 | 58, 500 | 35 ms
500 : 0.3 : 37863 | 52, 500 | 35 ms
500 : 0.3 : 37751 | 52, 500 | 42 ms
500 : 0.3 : 37569 | 53, 500 | 33 ms
500 : 0.3 : 37847 | 54, 500 | 34 ms
500 : 0.3 : 37542 | 54, 500 | 33 ms
500 : 0.3 : 37772 | 52, 500 | 39 ms
500 : 0.4 : 49907 | 60, 500 | 44 ms
500 : 0.4 : 50035 | 54, 500 | 47 ms
500 : 0.4 : 50287 | 56, 500 | 45 ms
500 : 0.4 : 50244 | 54, 500 | 45 ms
500 : 0.4 : 50431 | 58, 500 | 46 ms
500 : 0.4 : 50203 | 59, 500 | 56 ms
500 : 0.4 : 50495 | 57, 500 | 48 ms
500 : 0.4 : 50273 | 57, 500 | 45 ms
500 : 0.5 : 62939 | 58, 500 | 58 ms
500 : 0.5 : 62829 | 55, 500 | 59 ms
500 : 0.5 : 63121 | 59, 500 | 65 ms
500 : 0.5 : 62946 | 65, 500 | 60 ms
500 : 0.5 : 62858 | 58, 500 | 68 ms
500 : 0.5 : 62931 | 60, 500 | 65 ms
500 : 0.5 : 62764 | 52, 500 | 57 ms
500 : 0.5 : 62709 | 57, 500 | 57 ms
500 : 0.6 : 75649 | 59, 500 | 70 ms
500 : 0.6 : 75388 | 54, 500 | 72 ms
500 : 0.6 : 75395 | 56, 500 | 80 ms
500 : 0.6 : 75516 | 55, 500 | 70 ms
500 : 0.6 : 75496 | 55, 500 | 93 ms
500 : 0.6 : 75413 | 56, 500 | 71 ms
500 : 0.6 : 75695 | 58, 500 | 70 ms
500 : 0.6 : 75333 | 61, 500 | 73 ms
500 : 0.7 : 87615 | 57, 500 | 84 ms
500 : 0.7 : 88130 | 49, 500 | 82 ms
500 : 0.7 : 88069 | 52, 500 | 84 ms
500 : 0.7 : 87852 | 52, 500 | 82 ms
500 : 0.7 : 87861 | 59, 500 | 82 ms
500 : 0.7 : 88088 | 53, 500 | 128 ms
500 : 0.7 : 88126 | 53, 500 | 82 ms
500 : 0.7 : 88098 | 56, 500 | 82 ms
500 : 0.8 : 100422 | 47, 500 | 97 ms
500 : 0.8 : 100093 | 48, 500 | 94 ms
500 : 0.8 : 100368 | 44, 500 | 98 ms
500 : 0.8 : 100623 | 50, 500 | 96 ms
500 : 0.8 : 100347 | 47, 500 | 97 ms
500 : 0.8 : 100470 | 48, 500 | 97 ms
500 : 0.8 : 100406 | 49, 500 | 97 ms
500 : 0.8 : 100214 | 51, 500 | 95 ms
500 : 0.9 : 112645 | 34, 500 | 109 ms
500 : 0.9 : 112569 | 34, 500 | 105 ms
500 : 0.9 : 112576 | 38, 500 | 109 ms
500 : 0.9 : 112707 | 37, 500 | 108 ms
500 : 0.9 : 112568 | 35, 500 | 109 ms
500 : 0.9 : 112476 | 34, 500 | 107 ms
500 : 0.9 : 112524 | 33, 500 | 110 ms
500 : 0.9 : 112587 | 37, 500 | 107 ms

600 : 0.05 : 8946 | 32, 600 | 7 ms
600 : 0.05 : 9117 | 33, 600 | 7 ms
600 : 0.05 : 9012 | 32, 600 | 7 ms
600 : 0.05 : 8990 | 32, 600 | 7 ms
600 : 0.05 : 9064 | 32, 600 | 7 ms
600 : 0.05 : 9096 | 30, 600 | 7 ms
600 : 0.05 : 8979 | 32, 600 | 7 ms
600 : 0.05 : 8946 | 35, 600 | 7 ms
600 : 0.1 : 18152 | 42, 600 | 22 ms
600 : 0.1 : 18112 | 41, 600 | 15 ms
600 : 0.1 : 18125 | 41, 600 | 15 ms
600 : 0.1 : 18109 | 40, 600 | 15 ms
600 : 0.1 : 18150 | 42, 600 | 20 ms
600 : 0.1 : 18111 | 42, 600 | 15 ms
600 : 0.1 : 18008 | 44, 600 | 14 ms
600 : 0.1 : 17978 | 42, 600 | 15 ms
600 : 0.2 : 35881 | 50, 600 | 32 ms
600 : 0.2 : 36173 | 55, 600 | 31 ms
600 : 0.2 : 36126 | 53, 600 | 31 ms
600 : 0.2 : 36016 | 53, 600 | 31 ms
600 : 0.2 : 36177 | 55, 600 | 32 ms
600 : 0.2 : 35972 | 55, 600 | 33 ms
600 : 0.2 : 36088 | 52, 600 | 32 ms
600 : 0.2 : 36226 | 56, 600 | 31 ms
600 : 0.3 : 54230 | 58, 600 | 50 ms
600 : 0.3 : 54032 | 55, 600 | 48 ms
600 : 0.3 : 54270 | 61, 600 | 50 ms
600 : 0.3 : 54312 | 59, 600 | 50 ms
600 : 0.3 : 54210 | 59, 600 | 61 ms
600 : 0.3 : 54332 | 57, 600 | 52 ms
600 : 0.3 : 54114 | 65, 600 | 48 ms
600 : 0.3 : 54134 | 59, 600 | 52 ms
600 : 0.4 : 72150 | 69, 600 | 73 ms
600 : 0.4 : 72470 | 62, 600 | 66 ms
600 : 0.4 : 72203 | 59, 600 | 68 ms
600 : 0.4 : 72548 | 61, 600 | 73 ms
600 : 0.4 : 72343 | 61, 600 | 68 ms
600 : 0.4 : 72674 | 64, 600 | 66 ms
600 : 0.4 : 72271 | 59, 600 | 66 ms
600 : 0.4 : 72221 | 61, 600 | 66 ms
600 : 0.5 : 90444 | 62, 600 | 86 ms
600 : 0.5 : 90529 | 61, 600 | 84 ms
600 : 0.5 : 90486 | 64, 600 | 86 ms
600 : 0.5 : 90367 | 67, 600 | 87 ms
600 : 0.5 : 90268 | 59, 600 | 84 ms
600 : 0.5 : 90611 | 61, 600 | 87 ms
600 : 0.5 : 90232 | 63, 600 | 94 ms
600 : 0.5 : 90243 | 62, 600 | 83 ms
600 : 0.6 : 108853 | 62, 600 | 106 ms
600 : 0.6 : 108299 | 61, 600 | 104 ms
600 : 0.6 : 108956 | 62, 600 | 104 ms
600 : 0.6 : 108721 | 65, 600 | 102 ms
600 : 0.6 : 108653 | 64, 600 | 101 ms
600 : 0.6 : 108641 | 67, 600 | 118 ms
600 : 0.6 : 108963 | 61, 600 | 103 ms
600 : 0.6 : 108389 | 63, 600 | 117 ms
600 : 0.7 : 126444 | 62, 600 | 125 ms
600 : 0.7 : 126564 | 62, 600 | 123 ms
600 : 0.7 : 126588 | 60, 600 | 124 ms
600 : 0.7 : 126741 | 58, 600 | 122 ms
600 : 0.7 : 126453 | 60, 600 | 122 ms
600 : 0.7 : 126958 | 55, 600 | 121 ms
600 : 0.7 : 126515 | 56, 600 | 122 ms
600 : 0.7 : 126569 | 60, 600 | 122 ms
600 : 0.8 : 144633 | 53, 600 | 138 ms
600 : 0.8 : 144730 | 53, 600 | 150 ms
600 : 0.8 : 144875 | 49, 600 | 140 ms
600 : 0.8 : 144469 | 51, 600 | 141 ms
600 : 0.8 : 144682 | 58, 600 | 140 ms
600 : 0.8 : 144626 | 52, 600 | 141 ms
600 : 0.8 : 144793 | 54, 600 | 153 ms
600 : 0.8 : 144799 | 52, 600 | 138 ms
600 : 0.9 : 162250 | 42, 600 | 156 ms
600 : 0.9 : 162327 | 39, 600 | 161 ms
600 : 0.9 : 162135 | 40, 600 | 159 ms
600 : 0.9 : 162053 | 39, 600 | 155 ms
600 : 0.9 : 162332 | 42, 600 | 156 ms
600 : 0.9 : 162373 | 43, 600 | 166 ms
600 : 0.9 : 162197 | 41, 600 | 158 ms
600 : 0.9 : 162023 | 40, 600 | 157 ms

700 : 0.05 : 12332 | 34, 700 | 9 ms
700 : 0.05 : 12076 | 35, 700 | 10 ms
700 : 0.05 : 12421 | 32, 700 | 10 ms
700 : 0.05 : 12298 | 33, 700 | 9 ms
700 : 0.05 : 12344 | 35, 700 | 9 ms
700 : 0.05 : 12376 | 32, 700 | 10 ms
700 : 0.05 : 12323 | 35, 700 | 10 ms
700 : 0.05 : 12326 | 32, 700 | 10 ms
700 : 0.1 : 24836 | 46, 700 | 21 ms
700 : 0.1 : 24615 | 46, 700 | 22 ms
700 : 0.1 : 24483 | 45, 700 | 20 ms
700 : 0.1 : 24879 | 44, 700 | 21 ms
700 : 0.1 : 24561 | 46, 700 | 24 ms
700 : 0.1 : 24515 | 46, 700 | 20 ms
700 : 0.1 : 24545 | 47, 700 | 20 ms
700 : 0.1 : 24369 | 45, 700 | 23 ms
700 : 0.2 : 49451 | 57, 700 | 45 ms
700 : 0.2 : 49036 | 56, 700 | 57 ms
700 : 0.2 : 49535 | 57, 700 | 44 ms
700 : 0.2 : 49151 | 58, 700 | 51 ms
700 : 0.2 : 49794 | 57, 700 | 44 ms
700 : 0.2 : 49252 | 60, 700 | 47 ms
700 : 0.2 : 49428 | 59, 700 | 48 ms
700 : 0.2 : 49280 | 60, 700 | 53 ms
700 : 0.3 : 73968 | 71, 700 | 67 ms
700 : 0.3 : 73954 | 63, 700 | 68 ms
700 : 0.3 : 73772 | 65, 700 | 70 ms
700 : 0.3 : 74076 | 64, 700 | 74 ms
700 : 0.3 : 74000 | 63, 700 | 73 ms
700 : 0.3 : 73911 | 63, 700 | 73 ms
700 : 0.3 : 73996 | 66, 700 | 73 ms
700 : 0.3 : 73784 | 71, 700 | 69 ms
700 : 0.4 : 98598 | 66, 700 | 92 ms
700 : 0.4 : 98762 | 68, 700 | 92 ms
700 : 0.4 : 98436 | 70, 700 | 91 ms
700 : 0.4 : 98383 | 71, 700 | 140 ms
700 : 0.4 : 98986 | 71, 700 | 139 ms
700 : 0.4 : 98765 | 73, 700 | 115 ms
700 : 0.4 : 98535 | 68, 700 | 102 ms
700 : 0.4 : 98493 | 67, 700 | 108 ms
700 : 0.5 : 123426 | 71, 700 | 137 ms
700 : 0.5 : 123371 | 68, 700 | 141 ms
700 : 0.5 : 123249 | 71, 700 | 137 ms
700 : 0.5 : 123007 | 65, 700 | 148 ms
700 : 0.5 : 123270 | 73, 700 | 193 ms
700 : 0.5 : 123264 | 73, 700 | 120 ms
700 : 0.5 : 123143 | 72, 700 | 116 ms
700 : 0.5 : 123154 | 71, 700 | 127 ms
700 : 0.6 : 147574 | 70, 700 | 142 ms
700 : 0.6 : 147850 | 68, 700 | 167 ms
700 : 0.6 : 147702 | 70, 700 | 143 ms
700 : 0.6 : 147661 | 66, 700 | 141 ms
700 : 0.6 : 147308 | 67, 700 | 161 ms
700 : 0.6 : 147813 | 71, 700 | 147 ms
700 : 0.6 : 147603 | 72, 700 | 142 ms
700 : 0.6 : 147615 | 69, 700 | 150 ms
700 : 0.7 : 172405 | 67, 700 | 191 ms
700 : 0.7 : 172625 | 63, 700 | 176 ms
700 : 0.7 : 172429 | 64, 700 | 172 ms
700 : 0.7 : 172663 | 59, 700 | 169 ms
700 : 0.7 : 172531 | 65, 700 | 169 ms
700 : 0.7 : 172546 | 65, 700 | 171 ms
700 : 0.7 : 172258 | 65, 700 | 202 ms
700 : 0.7 : 172472 | 63, 700 | 216 ms
700 : 0.8 : 196762 | 60, 700 | 203 ms
700 : 0.8 : 196837 | 59, 700 | 231 ms
700 : 0.8 : 196607 | 58, 700 | 253 ms
700 : 0.8 : 196576 | 61, 700 | 269 ms
700 : 0.8 : 196889 | 56, 700 | 281 ms
700 : 0.8 : 196665 | 56, 700 | 242 ms
700 : 0.8 : 196795 | 59, 700 | 258 ms
700 : 0.8 : 196667 | 56, 700 | 192 ms
700 : 0.9 : 220882 | 42, 700 | 262 ms
700 : 0.9 : 220803 | 42, 700 | 289 ms
700 : 0.9 : 220584 | 44, 700 | 218 ms
700 : 0.9 : 220881 | 44, 700 | 220 ms
700 : 0.9 : 220922 | 44, 700 | 365 ms
700 : 0.9 : 220761 | 43, 700 | 225 ms
700 : 0.9 : 220782 | 43, 700 | 219 ms
700 : 0.9 : 220565 | 46, 700 | 214 ms

800 : 0.05 : 15900 | 38, 800 | 17 ms
800 : 0.05 : 16071 | 37, 800 | 13 ms
800 : 0.05 : 16149 | 36, 800 | 13 ms
800 : 0.05 : 16013 | 37, 800 | 13 ms
800 : 0.05 : 16116 | 34, 800 | 14 ms
800 : 0.05 : 16197 | 38, 800 | 13 ms
800 : 0.05 : 16057 | 34, 800 | 13 ms
800 : 0.05 : 15953 | 36, 800 | 13 ms
800 : 0.1 : 32250 | 49, 800 | 27 ms
800 : 0.1 : 32427 | 48, 800 | 27 ms
800 : 0.1 : 32128 | 50, 800 | 27 ms
800 : 0.1 : 31904 | 49, 800 | 28 ms
800 : 0.1 : 32278 | 47, 800 | 29 ms
800 : 0.1 : 32179 | 48, 800 | 28 ms
800 : 0.1 : 32207 | 45, 800 | 27 ms
800 : 0.1 : 32146 | 51, 800 | 27 ms
800 : 0.2 : 64439 | 58, 800 | 61 ms
800 : 0.2 : 64359 | 60, 800 | 64 ms
800 : 0.2 : 64615 | 63, 800 | 57 ms
800 : 0.2 : 64372 | 63, 800 | 58 ms
800 : 0.2 : 64210 | 63, 800 | 57 ms
800 : 0.2 : 64365 | 63, 800 | 64 ms
800 : 0.2 : 64154 | 57, 800 | 57 ms
800 : 0.2 : 64591 | 67, 800 | 59 ms
800 : 0.3 : 96209 | 76, 800 | 92 ms
800 : 0.3 : 96394 | 70, 800 | 169 ms
800 : 0.3 : 96494 | 74, 800 | 192 ms
800 : 0.3 : 96701 | 73, 800 | 136 ms
800 : 0.3 : 96479 | 70, 800 | 93 ms
800 : 0.3 : 96446 | 68, 800 | 149 ms
800 : 0.3 : 96328 | 70, 800 | 95 ms
800 : 0.3 : 96868 | 68, 800 | 92 ms
800 : 0.4 : 128724 | 75, 800 | 139 ms
800 : 0.4 : 128405 | 73, 800 | 131 ms
800 : 0.4 : 128909 | 74, 800 | 129 ms
800 : 0.4 : 128977 | 72, 800 | 122 ms
800 : 0.4 : 128682 | 74, 800 | 124 ms
800 : 0.4 : 129157 | 76, 800 | 125 ms
800 : 0.4 : 128962 | 74, 800 | 121 ms
800 : 0.4 : 129111 | 74, 800 | 132 ms
800 : 0.5 : 160927 | 77, 800 | 154 ms
800 : 0.5 : 161038 | 77, 800 | 158 ms
800 : 0.5 : 161039 | 81, 800 | 158 ms
800 : 0.5 : 161462 | 77, 800 | 156 ms
800 : 0.5 : 161002 | 73, 800 | 153 ms
800 : 0.5 : 160902 | 78, 800 | 182 ms
800 : 0.5 : 161238 | 77, 800 | 155 ms
800 : 0.5 : 161019 | 78, 800 | 157 ms
800 : 0.6 : 192715 | 75, 800 | 189 ms
800 : 0.6 : 192821 | 71, 800 | 192 ms
800 : 0.6 : 193138 | 76, 800 | 186 ms
800 : 0.6 : 192849 | 72, 800 | 187 ms
800 : 0.6 : 192891 | 74, 800 | 187 ms
800 : 0.6 : 193210 | 76, 800 | 213 ms
800 : 0.6 : 193650 | 73, 800 | 349 ms
800 : 0.6 : 193127 | 77, 800 | 311 ms
800 : 0.7 : 224429 | 68, 800 | 380 ms
800 : 0.7 : 225725 | 68, 800 | 223 ms
800 : 0.7 : 225146 | 67, 800 | 241 ms
800 : 0.7 : 225323 | 73, 800 | 230 ms
800 : 0.7 : 225485 | 69, 800 | 221 ms
800 : 0.7 : 225180 | 66, 800 | 230 ms
800 : 0.7 : 225347 | 73, 800 | 230 ms
800 : 0.7 : 225213 | 66, 800 | 221 ms
800 : 0.8 : 256929 | 63, 800 | 257 ms
800 : 0.8 : 256861 | 63, 800 | 254 ms
800 : 0.8 : 257192 | 61, 800 | 254 ms
800 : 0.8 : 257355 | 63, 800 | 252 ms
800 : 0.8 : 256608 | 59, 800 | 253 ms
800 : 0.8 : 257234 | 63, 800 | 251 ms
800 : 0.8 : 257328 | 59, 800 | 251 ms
800 : 0.8 : 257344 | 62, 800 | 252 ms
800 : 0.9 : 288311 | 51, 800 | 286 ms
800 : 0.9 : 288277 | 47, 800 | 287 ms
800 : 0.9 : 288325 | 46, 800 | 287 ms
800 : 0.9 : 288455 | 49, 800 | 285 ms
800 : 0.9 : 288670 | 49, 800 | 290 ms
800 : 0.9 : 288357 | 46, 800 | 289 ms
800 : 0.9 : 288266 | 47, 800 | 284 ms
800 : 0.9 : 288453 | 47, 800 | 285 ms

